u_id,name,offer_price,original_price,off_now,total_ratings,total_reviews,rating,description,item_link,created_at
SVISPL7S,SAMSUNG 198 L Direct Cool Single Door 5 Star Refrigerator with Base Drawer,17690,21990,19% off,55736,6387,4.5,"['Digital Inverter Compressor', 'Built-in Stabilizer', '1 Year on Product and 10 Years on Compressor From Samsung']",https://www.flipkart.com/samsung-198-l-direct-cool-single-door-5-star-refrigerator-base-drawer/p/itm1f53955cd314c?pid=RFRFNDEEWBH9CJWV&lid=LSTRFRFNDEEWBH9CJWVTZCH7S&marketplace=FLIPKART&q=fridge&store=j9e%2Fabm%2Fhzg&srno=s_1_1&otracker=search&otracker1=search&fm=organic&iid=bdfd6c65-98c9-49b4-a1fa-c9fde99ca97f.RFRFNDEEWBH9CJWV.SEARCH&ppt=None&ppn=None&ssid=8d1b8g53gg0000001667799245510&qH=2be977f3ff92dd10,2022-11-07 11:04:05.422993+05:30
SV40CZ28,SAMSUNG 198 L Direct Cool Single Door 4 Star Refrigerator with Base Drawer  with Digi Touch Cool,17750,21990,19% off,10837,1278,4.4,"['Digital Inverter Compressor', 'Built-in Stabilizer', '1 Year Warranty on Product and 10 Years on Compressor From Samsung']",https://www.flipkart.com/samsung-198-l-direct-cool-single-door-4-star-refrigerator-base-drawer-digi-touch/p/itm801bf56c6b028?pid=RFRGFWVAJGMBKBRM&lid=LSTRFRGFWVAJGMBKBRMICRYZG&marketplace=FLIPKART&q=fridge&store=j9e%2Fabm%2Fhzg&spotlightTagId=BestsellerId_j9e%2Fabm%2Fhzg&srno=s_1_2&otracker=search&otracker1=search&fm=organic&iid=bdfd6c65-98c9-49b4-a1fa-c9fde99ca97f.RFRGFWVAJGMBKBRM.SEARCH&ppt=None&ppn=None&ssid=8d1b8g53gg0000001667799245510&qH=2be977f3ff92dd10,2022-11-07 11:04:05.724993+05:30
SDZLN88F,Godrej 185 L Direct Cool Single Door 2 Star Refrigerator,12590,16350,22% off,3305,323,4.3,"['Reciprocatory Compressor', 'Built-in Stabilizer', '1 Year Comprehensive Warranty on Product and 5 Years on Motor']",https://www.flipkart.com/godrej-185-l-direct-cool-single-door-2-star-refrigerator/p/itmccc01fd866563?pid=RFRG9722JAW3GDED&lid=LSTRFRG9722JAW3GDEDDOOWHD&marketplace=FLIPKART&q=fridge&store=j9e%2Fabm%2Fhzg&srno=s_1_3&otracker=search&otracker1=search&fm=organic&iid=bdfd6c65-98c9-49b4-a1fa-c9fde99ca97f.RFRG9722JAW3GDED.SEARCH&ppt=None&ppn=None&ssid=8d1b8g53gg0000001667799245510&qH=2be977f3ff92dd10,2022-11-07 11:04:06.030564+05:30
EDIPDVG3,Whirlpool 190 L Direct Cool Single Door 2 Star Refrigerator,12990,15600,16% off,37835,3499,4.3,"['Normal Compressor', 'Built-in Stabilizer', '1 Year on Product and 10 Years on Compressor from Whirlpool']",https://www.flipkart.com/whirlpool-190-l-direct-cool-single-door-2-star-refrigerator/p/itmf6b4c3749b7e4?pid=RFRFZGFAGZUJTXWF&lid=LSTRFRFZGFAGZUJTXWFPDDAKA&marketplace=FLIPKART&q=fridge&store=j9e%2Fabm%2Fhzg&srno=s_1_4&otracker=search&otracker1=search&fm=organic&iid=en_fJ%2BqD0BmjlS8Xzh5zq45UZpBLBWt3Vz0TZQOFEVkXZagqbc%2By8YqdPSxvy2WRyLrUxBERcvvxLbebUgcQtk5mQ%3D%3D&ppt=None&ppn=None&ssid=8d1b8g53gg0000001667799245510&qH=2be977f3ff92dd10,2022-11-07 11:04:06.333858+05:30
X7Q679KS,SAMSUNG 253 l Frost Free Double Door 2 Star Refrigerator,21990,26990,18% off,7318,751,4.4,"['Digital Inverter Compressor', 'Built-in Stabilizer', '1 Year Warranty on Product and 10 Years on Compressor From Samsung']",https://www.flipkart.com/samsung-253-l-frost-free-double-door-2-star-refrigerator/p/itm4227f95ad36b0?pid=RFRFZ928WHJFWXDC&lid=LSTRFRFZ928WHJFWXDCH7GMDM&marketplace=FLIPKART&q=fridge&store=j9e%2Fabm%2Fhzg&srno=s_1_5&otracker=search&otracker1=search&fm=organic&iid=bdfd6c65-98c9-49b4-a1fa-c9fde99ca97f.RFRFZ928WHJFWXDC.SEARCH&ppt=None&ppn=None&ssid=8d1b8g53gg0000001667799245510&qH=2be977f3ff92dd10,2022-11-07 11:04:06.620860+05:30
0QZZYDV6,SAMSUNG 192 L Direct Cool Single Door 3 Star Refrigerator,14990,17990,16% off,15927,1626,4.3,"['Digital Inverter Compressor', 'Built-in Stabilizer', '1 Year on Product and 10 Years on Compressor From Samsung']",https://www.flipkart.com/samsung-192-l-direct-cool-single-door-3-star-refrigerator/p/itmcca280fc34761?pid=RFRFZFFW9P82JFFZ&lid=LSTRFRFZFFW9P82JFFZ0QILUZ&marketplace=FLIPKART&q=fridge&store=j9e%2Fabm%2Fhzg&srno=s_1_6&otracker=search&otracker1=search&fm=organic&iid=bdfd6c65-98c9-49b4-a1fa-c9fde99ca97f.RFRFZFFW9P82JFFZ.SEARCH&ppt=None&ppn=None&ssid=8d1b8g53gg0000001667799245510&qH=2be977f3ff92dd10,2022-11-07 11:04:07.007363+05:30
70N8Q2XB,SAMSUNG 192 L Direct Cool Single Door 2 Star Refrigerator,12790,14990,14% off,35427,3307,4.4,"['Linear Compressor', 'Built-in Stabilizer', '1 Year Warranty on Product and 10 Years on Compressor From Samsung']",https://www.flipkart.com/samsung-192-l-direct-cool-single-door-2-star-refrigerator/p/itm2594de17e8c4d?pid=RFRFZ928ZMW8TWTC&lid=LSTRFRFZ928ZMW8TWTCNCA8IM&marketplace=FLIPKART&q=fridge&store=j9e%2Fabm%2Fhzg&srno=s_1_7&otracker=search&otracker1=search&fm=organic&iid=bdfd6c65-98c9-49b4-a1fa-c9fde99ca97f.RFRFZ928ZMW8TWTC.SEARCH&ppt=None&ppn=None&ssid=8d1b8g53gg0000001667799245510&qH=2be977f3ff92dd10,2022-11-07 11:04:07.315041+05:30
C9GRE7JT,Whirlpool 190 L Direct Cool Single Door 3 Star Refrigerator with Base Drawer,16340,20450,20% off,820,91,4.3,"['Non Inverter Compressor', 'Built-in Stabilizer', '1 Year on Product and 10 Years on Compressor from Whirlpool']",https://www.flipkart.com/whirlpool-190-l-direct-cool-single-door-3-star-refrigerator-base-drawer/p/itm495a967730b3c?pid=RFRG4XR6ZDXBEMZR&lid=LSTRFRG4XR6ZDXBEMZRXQJ2DZ&marketplace=FLIPKART&q=fridge&store=j9e%2Fabm%2Fhzg&srno=s_1_8&otracker=search&otracker1=search&fm=organic&iid=en_fJ%2BqD0BmjlS8Xzh5zq45UZpBLBWt3Vz0TZQOFEVkXZYSzQZh0t%2BIADpRxW2HSnVTCik8178uFvOyLd%2F99yHoOg%3D%3D&ppt=None&ppn=None&ssid=8d1b8g53gg0000001667799245510&qH=2be977f3ff92dd10,2022-11-07 11:04:07.660767+05:30
9XF8PV5A,SAMSUNG 198 L Direct Cool Single Door 4 Star Refrigerator with Base Drawer,16490,19990,17% off,55736,6387,4.5,"['Digital Inverter Compressor', 'Built-in Stabilizer', '1 Year on Product and 10 Years on Compressor From Samsung']",https://www.flipkart.com/samsung-198-l-direct-cool-single-door-4-star-refrigerator-base-drawer/p/itmd98c9be1e7f71?pid=RFRFZCFCAZHDWHNG&lid=LSTRFRFZCFCAZHDWHNGPEYPFZ&marketplace=FLIPKART&q=fridge&store=j9e%2Fabm%2Fhzg&srno=s_1_9&otracker=search&otracker1=search&fm=organic&iid=bdfd6c65-98c9-49b4-a1fa-c9fde99ca97f.RFRFZCFCAZHDWHNG.SEARCH&ppt=None&ppn=None&ssid=8d1b8g53gg0000001667799245510&qH=2be977f3ff92dd10,2022-11-07 11:04:07.987044+05:30
YLRY4JRQ,Haier 195 L Direct Cool Single Door 4 Star Refrigerator,14990,18400,18% off,56,3,4.6,"['Reciprocatory Compressor', 'Built-in Stabilizer', '1 Year Warranty on Product and 10 Years on Compressor']",https://www.flipkart.com/haier-195-l-direct-cool-single-door-4-star-refrigerator/p/itm263c457cb94b7?pid=RFRGHFZAW4MGQWWG&lid=LSTRFRGHFZAW4MGQWWGUL7I4H&marketplace=FLIPKART&q=fridge&store=j9e%2Fabm%2Fhzg&srno=s_1_10&otracker=search&otracker1=search&fm=organic&iid=bdfd6c65-98c9-49b4-a1fa-c9fde99ca97f.RFRGHFZAW4MGQWWG.SEARCH&ppt=None&ppn=None&ssid=8d1b8g53gg0000001667799245510&qH=2be977f3ff92dd10,2022-11-07 11:04:08.305400+05:30
9C3063N4,Whirlpool 190 L Direct Cool Single Door 2 Star Refrigerator,13540,15900,14% off,37835,3499,4.3,"['Normal Compressor', 'Built-in Stabilizer', '1 Year on Product and 10 Years on Compressor from Whirlpool']",https://www.flipkart.com/whirlpool-190-l-direct-cool-single-door-2-star-refrigerator/p/itm23de1846cafca?pid=RFRFZGFANZJHN6SB&lid=LSTRFRFZGFANZJHN6SBRJ24IH&marketplace=FLIPKART&q=fridge&store=j9e%2Fabm%2Fhzg&srno=s_1_11&otracker=search&otracker1=search&fm=organic&iid=en_fJ%2BqD0BmjlS8Xzh5zq45UZpBLBWt3Vz0TZQOFEVkXZZOonSGOhFswhtxfbgTLN4ffG1q4G8NhosLJpsjXdZLzg%3D%3D&ppt=None&ppn=None&ssid=8d1b8g53gg0000001667799245510&qH=2be977f3ff92dd10,2022-11-07 11:04:08.626620+05:30
YNH17VEZ,Whirlpool 300 L Frost Free Triple Door Refrigerator,34390,43950,21% off,30897,3819,4.4,"['Normal Compressor', 'Built-in Stabilizer', '1 Year Warranty on Product and 10 Years on Compressor From Whirlpool']",https://www.flipkart.com/whirlpool-300-l-frost-free-triple-door-refrigerator/p/itmexbvqq3h9zyz2?pid=RFRDZEQ7FYQ5QTSN&lid=LSTRFRDZEQ7FYQ5QTSNHFAVDN&marketplace=FLIPKART&q=fridge&store=j9e%2Fabm%2Fhzg&srno=s_1_12&otracker=search&otracker1=search&fm=organic&iid=en_fJ%2BqD0BmjlS8Xzh5zq45UZpBLBWt3Vz0TZQOFEVkXZZFM2FGmIrN1LlRT4SSfEzkDo5XXw04e34i8rC9wk%2FwUA%3D%3D&ppt=None&ppn=None&ssid=8d1b8g53gg0000001667799245510&qH=2be977f3ff92dd10,2022-11-07 11:04:08.929349+05:30
Y794RYGC,SAMSUNG 253 L Frost Free Double Door 3 Star Refrigerator,24190,31990,24% off,21573,2115,4.4,"['Digital Inverter Compressor', 'Built-in Stabilizer', '1 Year Warranty on Product and 10 Years on Compressor From Samsung']",https://www.flipkart.com/samsung-253-l-frost-free-double-door-3-star-refrigerator/p/itm949def2bc9705?pid=RFRFZ928SXZVVCDJ&lid=LSTRFRFZ928SXZVVCDJSCZLAF&marketplace=FLIPKART&q=fridge&store=j9e%2Fabm%2Fhzg&srno=s_1_13&otracker=search&otracker1=search&fm=organic&iid=bdfd6c65-98c9-49b4-a1fa-c9fde99ca97f.RFRFZ928SXZVVCDJ.SEARCH&ppt=None&ppn=None&ssid=8d1b8g53gg0000001667799245510&qH=2be977f3ff92dd10,2022-11-07 11:04:09.245837+05:30
CNU5WV8R,Voltas Beko 195 L Direct Cool Single Door 2 Star Refrigerator,12990,19790,34% off,0,0,0,"['Reciprocating Compressor', 'Built-in Stabilizer', '2 Years Warranty on Product and 8 Years Comprehensive Warranty on Compressor']",https://www.flipkart.com/voltas-beko-195-l-direct-cool-single-door-2-star-refrigerator/p/itm8f49a3db626eb?pid=RFRGH3KMCAZGUCFW&lid=LSTRFRGH3KMCAZGUCFWGXY286&marketplace=FLIPKART&q=fridge&store=j9e%2Fabm%2Fhzg&srno=s_1_14&otracker=search&otracker1=search&fm=organic&iid=bdfd6c65-98c9-49b4-a1fa-c9fde99ca97f.RFRGH3KMCAZGUCFW.SEARCH&ppt=None&ppn=None&ssid=8d1b8g53gg0000001667799245510&qH=2be977f3ff92dd10,2022-11-07 11:04:09.606845+05:30
F3DNBRYC,SAMSUNG 253 L Frost Free Double Door 3 Star Convertible Refrigerator,24990,34990,28% off,12307,1211,4.4,"['Digital Inverter Compressor', 'Built-in Stabilizer', '1 Year on Product and 10 Years on Compressor From Samsung']",https://www.flipkart.com/samsung-253-l-frost-free-double-door-3-star-convertible-refrigerator/p/itmf75fa1554bad3?pid=RFRFNDEEJ28SNQPG&lid=LSTRFRFNDEEJ28SNQPGEJ3YHJ&marketplace=FLIPKART&q=fridge&store=j9e%2Fabm%2Fhzg&srno=s_1_15&otracker=search&otracker1=search&fm=organic&iid=bdfd6c65-98c9-49b4-a1fa-c9fde99ca97f.RFRFNDEEJ28SNQPG.SEARCH&ppt=None&ppn=None&ssid=8d1b8g53gg0000001667799245510&qH=2be977f3ff92dd10,2022-11-07 11:04:09.909819+05:30
6U1WRIIB,SAMSUNG 253 L Frost Free Double Door 2 Star Convertible Refrigerator,24690,32990,25% off,7318,751,4.4,"['Digital Inverter Compressor', 'Built-in Stabilizer', '1 Year on Product and 10 Years on Compressor From Samsung']",https://www.flipkart.com/samsung-253-l-frost-free-double-door-2-star-convertible-refrigerator/p/itm229e44061a1ff?pid=RFRFNDEE5PYAABZA&lid=LSTRFRFNDEE5PYAABZAQ4FYFA&marketplace=FLIPKART&q=fridge&store=j9e%2Fabm%2Fhzg&srno=s_1_16&otracker=search&otracker1=search&fm=organic&iid=bdfd6c65-98c9-49b4-a1fa-c9fde99ca97f.RFRFNDEE5PYAABZA.SEARCH&ppt=None&ppn=None&ssid=8d1b8g53gg0000001667799245510&qH=2be977f3ff92dd10,2022-11-07 11:04:10.228950+05:30
1XOTE9T2,Whirlpool 190 L Direct Cool Single Door 3 Star Refrigerator with Base Drawer,16340,19500,16% off,444,34,4.3,"['Non Inverter Compressor', 'Built-in Stabilizer', '1 Year on Product and 10 Years on Compressor from Whirlpool']",https://www.flipkart.com/whirlpool-190-l-direct-cool-single-door-3-star-refrigerator-base-drawer/p/itmd625ad7498750?pid=RFRG4XR6FXK3XANH&lid=LSTRFRG4XR6FXK3XANH2QMZGI&marketplace=FLIPKART&q=fridge&store=j9e%2Fabm%2Fhzg&srno=s_1_17&otracker=search&otracker1=search&fm=organic&iid=en_fJ%2BqD0BmjlS8Xzh5zq45UZpBLBWt3Vz0TZQOFEVkXZY0OBOzaiFNgBPabgn7p1MvMGzOfXGzGk9IKwrcXp9P4A%3D%3D&ppt=None&ppn=None&ssid=8d1b8g53gg0000001667799245510&qH=2be977f3ff92dd10,2022-11-07 11:04:10.884017+05:30
YJPTSGW2,Whirlpool 190 L Direct Cool Single Door 2 Star Refrigerator,13540,16500,17% off,37835,3499,4.3,"['Normal Compressor', 'Built-in Stabilizer', '1 Year on Product and 10 Years on Compressor from Whirlpool']",https://www.flipkart.com/whirlpool-190-l-direct-cool-single-door-2-star-refrigerator/p/itm823c53fcf0200?pid=RFRFZGFADYS3UTBG&lid=LSTRFRFZGFADYS3UTBGFVSNUE&marketplace=FLIPKART&q=fridge&store=j9e%2Fabm%2Fhzg&srno=s_1_18&otracker=search&otracker1=search&fm=organic&iid=en_fJ%2BqD0BmjlS8Xzh5zq45UZpBLBWt3Vz0TZQOFEVkXZYgeGCR3EcxGiXoCAmphE29J2%2FwhUwm9nOclTAxdfVIeg%3D%3D&ppt=None&ppn=None&ssid=8d1b8g53gg0000001667799245510&qH=2be977f3ff92dd10,2022-11-07 11:04:11.237253+05:30
Z4HK4ZG2,Haier 195 L Direct Cool Single Door 4 Star Refrigerator,16990,28200,39% off,2585,312,4.4,"['Reciprocatory Compressor', 'Built-in Stabilizer', '1 Year Warranty on Product, 10 Years Warranty on Compressor']",https://www.flipkart.com/haier-195-l-direct-cool-single-door-4-star-refrigerator/p/itmb103205486dc0?pid=RFRGGE7GQ2ZFGKQM&lid=LSTRFRGGE7GQ2ZFGKQMQJHYJ4&marketplace=FLIPKART&q=fridge&store=j9e%2Fabm%2Fhzg&srno=s_1_19&otracker=search&otracker1=search&fm=organic&iid=bdfd6c65-98c9-49b4-a1fa-c9fde99ca97f.RFRGGE7GQ2ZFGKQM.SEARCH&ppt=None&ppn=None&ssid=8d1b8g53gg0000001667799245510&qH=2be977f3ff92dd10,2022-11-07 11:04:11.597078+05:30
WJYQDOGM,SAMSUNG 192 L Direct Cool Single Door 3 Star Refrigerator,15190,17990,15% off,5140,459,4.4,"['Digital Inverter Compressor', 'Built-in Stabilizer', '1 Year on Product and 10 Years on Compressor From Samsung']",https://www.flipkart.com/samsung-192-l-direct-cool-single-door-3-star-refrigerator/p/itm90f9d124c0888?pid=RFRFZFFWU2JZUCTA&lid=LSTRFRFZFFWU2JZUCTAA9SKAW&marketplace=FLIPKART&q=fridge&store=j9e%2Fabm%2Fhzg&srno=s_1_20&otracker=search&otracker1=search&fm=organic&iid=bdfd6c65-98c9-49b4-a1fa-c9fde99ca97f.RFRFZFFWU2JZUCTA.SEARCH&ppt=None&ppn=None&ssid=8d1b8g53gg0000001667799245510&qH=2be977f3ff92dd10,2022-11-07 11:04:11.939114+05:30
T7S4Y1L5,Whirlpool 190 L Direct Cool Single Door 3 Star Refrigerator,15340,18000,14% off,622,47,4.3,"['Non Inverter Compressor', 'Built-in Stabilizer', '1 Year on Product and 10 Years on Compressor from Whirlpool']",https://www.flipkart.com/whirlpool-190-l-direct-cool-single-door-3-star-refrigerator/p/itmc4870feb17803?pid=RFRG4XR689KTY9QT&lid=LSTRFRG4XR689KTY9QTJUWMVD&marketplace=FLIPKART&q=fridge&store=j9e%2Fabm%2Fhzg&srno=s_1_21&otracker=search&otracker1=search&fm=organic&iid=en_fJ%2BqD0BmjlS8Xzh5zq45UZpBLBWt3Vz0TZQOFEVkXZYahPwPw%2BGaWw40Rm3zot4fEQUXzS2Dc4PGswjRBNZjdA%3D%3D&ppt=None&ppn=None&ssid=8d1b8g53gg0000001667799245510&qH=2be977f3ff92dd10,2022-11-07 11:04:12.305380+05:30
IMAPKVDF,Whirlpool 190 L Direct Cool Single Door 3 Star Refrigerator,15340,17600,12% off,1327,122,4.2,"['Non Inverter Compressor', 'Built-in Stabilizer', '1 Year on Product and 10 Years on Compressor from Whirlpool']",https://www.flipkart.com/whirlpool-190-l-direct-cool-single-door-3-star-refrigerator/p/itm600cc6ce9ae49?pid=RFRG4XR6QNSM6X5H&lid=LSTRFRG4XR6QNSM6X5HUWM1ZO&marketplace=FLIPKART&q=fridge&store=j9e%2Fabm%2Fhzg&srno=s_1_22&otracker=search&otracker1=search&fm=organic&iid=en_fJ%2BqD0BmjlS8Xzh5zq45UZpBLBWt3Vz0TZQOFEVkXZaPpS03OZ1BHXb0PkMPEQOOCZxpVFOVq9ufOza9kckb%2Bw%3D%3D&ppt=None&ppn=None&ssid=8d1b8g53gg0000001667799245510&qH=2be977f3ff92dd10,2022-11-07 11:04:12.666038+05:30
C7JFBYEB,SAMSUNG 253 l Frost Free Double Door 1 Star Refrigerator,20690,25990,20% off,958,71,4.4,"['Digital Inverter Compressor', 'Built-in Stabilizer', '1 Year Warranty on Product and 10 Years on Compressor From Samsung']",https://www.flipkart.com/samsung-253-l-frost-free-double-door-1-star-refrigerator/p/itm46e72c39442b2?pid=RFRFZ928TSZDCGYY&lid=LSTRFRFZ928TSZDCGYYGHO12V&marketplace=FLIPKART&q=fridge&store=j9e%2Fabm%2Fhzg&srno=s_1_23&otracker=search&otracker1=search&fm=organic&iid=bdfd6c65-98c9-49b4-a1fa-c9fde99ca97f.RFRFZ928TSZDCGYY.SEARCH&ppt=None&ppn=None&ssid=8d1b8g53gg0000001667799245510&qH=2be977f3ff92dd10,2022-11-07 11:04:13.424865+05:30
JP4RGBHK,SAMSUNG 192 L Direct Cool Single Door 3 Star Refrigerator,14890,17990,17% off,7925,831,4.4,"['Digital Inverter Compressor', 'Built-in Stabilizer', '1 Year on Product and 10 Years on Compressor From Samsung']",https://www.flipkart.com/samsung-192-l-direct-cool-single-door-3-star-refrigerator/p/itme7fc1a47f64b6?pid=RFRFNDEES4GPBMEE&lid=LSTRFRFNDEES4GPBMEEHQGDM6&marketplace=FLIPKART&q=fridge&store=j9e%2Fabm%2Fhzg&srno=s_1_24&otracker=search&otracker1=search&fm=organic&iid=bdfd6c65-98c9-49b4-a1fa-c9fde99ca97f.RFRFNDEES4GPBMEE.SEARCH&ppt=None&ppn=None&ssid=8d1b8g53gg0000001667799245510&qH=2be977f3ff92dd10,2022-11-07 11:04:13.746573+05:30
1CS6TEBE,SAMSUNG 324 L Frost Free Double Door 2 Star Convertible Refrigerator,29990,41990,28% off,4986,607,4.4,"['Digital Inverter Compressor', 'Built-in Stabilizer', '1 year comprehensive warranty on product, 10 years on compressor']",https://www.flipkart.com/samsung-324-l-frost-free-double-door-2-star-convertible-refrigerator/p/itmeb1e2b98b02b8?pid=RFRGEG5VGFEBHXGS&lid=LSTRFRGEG5VGFEBHXGSJ9GQFJ&marketplace=FLIPKART&q=fridge&store=j9e%2Fabm%2Fhzg&srno=s_2_25&otracker=search&otracker1=search&fm=organic&iid=f0e06f5b-68a8-4cb3-9f0c-18f458458469.RFRGEG5VGFEBHXGS.SEARCH&ppt=None&ppn=None&ssid=5dlncx6l5c0000001667799254899&qH=2be977f3ff92dd10,2022-11-07 11:04:14.751838+05:30
VTGZZR76,CANDY 170 L Direct Cool Single Door 2 Star Refrigerator,10700,12500,14% off,6471,803,4.3,"['Reciprocatory Compressor', 'Built-in Stabilizer', '1 Year Warranty on Product and 10 Years Warranty on Compressor & fan Motor']",https://www.flipkart.com/candy-170-l-direct-cool-single-door-2-star-refrigerator/p/itm1aab8b47c249a?pid=RFRGHG83GNQRD7C6&lid=LSTRFRGHG83GNQRD7C6SSCOGU&marketplace=FLIPKART&q=fridge&store=j9e%2Fabm%2Fhzg&srno=s_2_26&otracker=search&otracker1=search&fm=organic&iid=f0e06f5b-68a8-4cb3-9f0c-18f458458469.RFRGHG83GNQRD7C6.SEARCH&ppt=None&ppn=None&ssid=5dlncx6l5c0000001667799254899&qH=2be977f3ff92dd10,2022-11-07 11:04:15.101463+05:30
B1GURTTH,Whirlpool 190 L Direct Cool Single Door 2 Star Refrigerator,12990,15600,16% off,37835,3499,4.3,"['Normal Compressor', 'Built-in Stabilizer', '1 Year on Product and 10 Years on Compressor from Whirlpool']",https://www.flipkart.com/whirlpool-190-l-direct-cool-single-door-2-star-refrigerator/p/itmf6b4c3749b7e4?pid=RFRFZGFAGZUJTXWF&lid=LSTRFRFZGFAGZUJTXWFPDDAKA&marketplace=FLIPKART&q=fridge&store=j9e%2Fabm%2Fhzg&srno=s_2_27&otracker=search&otracker1=search&fm=organic&iid=en_pR9FI5%2FUixrwH8UA94y6BZGefOsvz6F6pTJJ8mtAjSJ1AEQWYfhn9m7Sp3%2FXRg2cUxBERcvvxLbebUgcQtk5mQ%3D%3D&ppt=None&ppn=None&ssid=5dlncx6l5c0000001667799254899&qH=2be977f3ff92dd10,2022-11-07 11:04:15.418323+05:30
ZWL1ZY5W,Whirlpool 240 L Frost Free Triple Door Refrigerator,27990,33250,15% off,30897,3819,4.4,"['Normal Compressor', 'Built-in Stabilizer', '1 Year Warranty on Product and 10 Years Warranty on Compressor from Whirlpool']",https://www.flipkart.com/whirlpool-240-l-frost-free-triple-door-refrigerator/p/itmf7z5vhfcxysvp?pid=RFRF3HZZZYTNKSCU&lid=LSTRFRF3HZZZYTNKSCUCOA9SO&marketplace=FLIPKART&q=fridge&store=j9e%2Fabm%2Fhzg&srno=s_2_28&otracker=search&otracker1=search&fm=organic&iid=en_pR9FI5%2FUixrwH8UA94y6BZGefOsvz6F6pTJJ8mtAjSIX%2Fye99j%2BaLyTcotkVn4cx7Rfr5RUYhX0WhJqwxOQvSg%3D%3D&ppt=None&ppn=None&ssid=5dlncx6l5c0000001667799254899&qH=2be977f3ff92dd10,2022-11-07 11:04:15.938442+05:30
187QH64T,Whirlpool 245 L Frost Free Double Door 3 Star Refrigerator,24890,29700,16% off,392,46,4.2,"['Inverter Compressor', 'Built-in Stabilizer', '1 Year Comprehensive Warranty on Product and 9 Years Warranty on Compressor']",https://www.flipkart.com/whirlpool-245-l-frost-free-double-door-3-star-refrigerator/p/itm9648997f0064b?pid=RFRGFH34YQHWMH4P&lid=LSTRFRGFH34YQHWMH4PS7QKRX&marketplace=FLIPKART&q=fridge&store=j9e%2Fabm%2Fhzg&srno=s_2_29&otracker=search&otracker1=search&fm=organic&iid=f0e06f5b-68a8-4cb3-9f0c-18f458458469.RFRGFH34YQHWMH4P.SEARCH&ppt=None&ppn=None&ssid=5dlncx6l5c0000001667799254899&qH=2be977f3ff92dd10,2022-11-07 11:04:16.237390+05:30
0WTZCKXP,LG 190 L Direct Cool Single Door 3 Star Refrigerator,13990,15290,8% off,12522,1434,4.4,"['Normal Compressor', 'Built-in Stabilizer', '1 Year on Refrigrator Unit and 5 Years on Compressor']",https://www.flipkart.com/lg-190-l-direct-cool-single-door-3-star-refrigerator/p/itmf703a73ddb545?pid=RFRFZZ8YMZNZCD5F&lid=LSTRFRFZZ8YMZNZCD5F6ELIYB&marketplace=FLIPKART&q=fridge&store=j9e%2Fabm%2Fhzg&srno=s_2_30&otracker=search&otracker1=search&fm=organic&iid=f0e06f5b-68a8-4cb3-9f0c-18f458458469.RFRFZZ8YMZNZCD5F.SEARCH&ppt=None&ppn=None&ssid=5dlncx6l5c0000001667799254899&qH=2be977f3ff92dd10,2022-11-07 11:04:16.547340+05:30
9F15L7GY,Whirlpool 190 L Direct Cool Single Door 3 Star Refrigerator with Base Drawer,16340,20450,20% off,820,91,4.3,"['Non Inverter Compressor', 'Built-in Stabilizer', '1 Year on Product and 10 Years on Compressor from Whirlpool']",https://www.flipkart.com/whirlpool-190-l-direct-cool-single-door-3-star-refrigerator-base-drawer/p/itm495a967730b3c?pid=RFRG4XR6ZDXBEMZR&lid=LSTRFRG4XR6ZDXBEMZRXQJ2DZ&marketplace=FLIPKART&q=fridge&store=j9e%2Fabm%2Fhzg&srno=s_2_31&otracker=search&otracker1=search&fm=organic&iid=en_pR9FI5%2FUixrwH8UA94y6BZGefOsvz6F6pTJJ8mtAjSKdv9hh7jgkQV5jm0S9Sx%2BSCik8178uFvOyLd%2F99yHoOg%3D%3D&ppt=None&ppn=None&ssid=5dlncx6l5c0000001667799254899&qH=2be977f3ff92dd10,2022-11-07 11:04:16.990033+05:30
M0Z9PLVI,Whirlpool 190 L Direct Cool Single Door 2 Star Refrigerator,13540,15900,14% off,37835,3499,4.3,"['Normal Compressor', 'Built-in Stabilizer', '1 Year on Product and 10 Years on Compressor from Whirlpool']",https://www.flipkart.com/whirlpool-190-l-direct-cool-single-door-2-star-refrigerator/p/itm23de1846cafca?pid=RFRFZGFANZJHN6SB&lid=LSTRFRFZGFANZJHN6SBRJ24IH&marketplace=FLIPKART&q=fridge&store=j9e%2Fabm%2Fhzg&srno=s_2_32&otracker=search&otracker1=search&fm=organic&iid=en_pR9FI5%2FUixrwH8UA94y6BZGefOsvz6F6pTJJ8mtAjSIhAyeQ7Hboqy2m99Pk%2BjF8fG1q4G8NhosLJpsjXdZLzg%3D%3D&ppt=None&ppn=None&ssid=5dlncx6l5c0000001667799254899&qH=2be977f3ff92dd10,2022-11-07 11:04:17.334852+05:30
NBCDTZ4P,SAMSUNG 230 L Direct Cool Single Door 3 Star Refrigerator,17190,18990,9% off,15927,1626,4.3,"['Digital Inverter Compressor', 'Built-in Stabilizer', '1 Year Warranty on Product and 10 Years on Compressor From Samsung']",https://www.flipkart.com/samsung-230-l-direct-cool-single-door-3-star-refrigerator/p/itmdcdf2076737ff?pid=RFRFZ92893HKNZCU&lid=LSTRFRFZ92893HKNZCUMGDVOU&marketplace=FLIPKART&q=fridge&store=j9e%2Fabm%2Fhzg&srno=s_2_33&otracker=search&otracker1=search&fm=organic&iid=f0e06f5b-68a8-4cb3-9f0c-18f458458469.RFRFZ92893HKNZCU.SEARCH&ppt=None&ppn=None&ssid=5dlncx6l5c0000001667799254899&qH=2be977f3ff92dd10,2022-11-07 11:04:17.633027+05:30
GEUHQBQG,SAMSUNG 192 L Direct Cool Single Door 1 Star Refrigerator,12490,14990,16% off,5308,482,4.3,"['Normal Compressor', 'Built-in Stabilizer', '1 Year on Product and 10 Years on Compressor From Samsung']",https://www.flipkart.com/samsung-192-l-direct-cool-single-door-1-star-refrigerator/p/itmd55a0edc80ace?pid=RFRFNDEEYKRZSBKY&lid=LSTRFRFNDEEYKRZSBKY6WJRRN&marketplace=FLIPKART&q=fridge&store=j9e%2Fabm%2Fhzg&srno=s_2_34&otracker=search&otracker1=search&fm=organic&iid=f0e06f5b-68a8-4cb3-9f0c-18f458458469.RFRFNDEEYKRZSBKY.SEARCH&ppt=None&ppn=None&ssid=5dlncx6l5c0000001667799254899&qH=2be977f3ff92dd10,2022-11-07 11:04:18.369140+05:30
24BICOLA,Godrej 236 L Frost Free Double Door 2 Star Refrigerator,19990,21900,8% off,3717,399,4.2,"['Inverter Compressor', 'Built-in Stabilizer', '1 Year Warranty on product and 10 Years Warranty on Compressor from Godrej']",https://www.flipkart.com/godrej-236-l-frost-free-double-door-2-star-refrigerator/p/itm001afd743b570?pid=RFRFZCW3MMBERZ3N&lid=LSTRFRFZCW3MMBERZ3NEKUKKR&marketplace=FLIPKART&q=fridge&store=j9e%2Fabm%2Fhzg&srno=s_2_35&otracker=search&otracker1=search&fm=organic&iid=f0e06f5b-68a8-4cb3-9f0c-18f458458469.RFRFZCW3MMBERZ3N.SEARCH&ppt=None&ppn=None&ssid=5dlncx6l5c0000001667799254899&qH=2be977f3ff92dd10,2022-11-07 11:04:18.764806+05:30
S0XSBXGK,CANDY 170 L Direct Cool Single Door 2 Star Refrigerator,10599,12000,11% off,6471,803,4.3,"['Reciprocatory Compressor', 'Built-in Stabilizer', '1 Year Warranty On Product and 10 Years on Compressor']",https://www.flipkart.com/candy-170-l-direct-cool-single-door-2-star-refrigerator/p/itmdf0c1d5393f7e?pid=RFRGYRUFHXZBVEFS&lid=LSTRFRGYRUFHXZBVEFSCCNBUL&marketplace=FLIPKART&q=fridge&store=j9e%2Fabm%2Fhzg&srno=s_2_36&otracker=search&otracker1=search&fm=organic&iid=f0e06f5b-68a8-4cb3-9f0c-18f458458469.RFRGYRUFHXZBVEFS.SEARCH&ppt=None&ppn=None&ssid=5dlncx6l5c0000001667799254899&qH=2be977f3ff92dd10,2022-11-07 11:04:19.068881+05:30
LDQ2P1JE,Whirlpool 300 L Frost Free Triple Door Refrigerator,34390,43950,21% off,30897,3819,4.4,"['Normal Compressor', 'Built-in Stabilizer', '1 Year Warranty on Product and 10 Years on Compressor From Whirlpool']",https://www.flipkart.com/whirlpool-300-l-frost-free-triple-door-refrigerator/p/itmexbvqq3h9zyz2?pid=RFRDZEQ7FYQ5QTSN&lid=LSTRFRDZEQ7FYQ5QTSNHFAVDN&marketplace=FLIPKART&q=fridge&store=j9e%2Fabm%2Fhzg&srno=s_2_37&otracker=search&otracker1=search&fm=organic&iid=en_pR9FI5%2FUixrwH8UA94y6BZGefOsvz6F6pTJJ8mtAjSIWR78TkdCC5oI4RQ0iYD7jDo5XXw04e34i8rC9wk%2FwUA%3D%3D&ppt=None&ppn=None&ssid=5dlncx6l5c0000001667799254899&qH=2be977f3ff92dd10,2022-11-07 11:04:19.371995+05:30
BQRE11UZ,Whirlpool 190 L Direct Cool Single Door 3 Star Refrigerator with Base Drawer,16340,19500,16% off,444,34,4.3,"['Non Inverter Compressor', 'Built-in Stabilizer', '1 Year on Product and 10 Years on Compressor from Whirlpool']",https://www.flipkart.com/whirlpool-190-l-direct-cool-single-door-3-star-refrigerator-base-drawer/p/itmd625ad7498750?pid=RFRG4XR6FXK3XANH&lid=LSTRFRG4XR6FXK3XANH2QMZGI&marketplace=FLIPKART&q=fridge&store=j9e%2Fabm%2Fhzg&srno=s_2_38&otracker=search&otracker1=search&fm=organic&iid=en_pR9FI5%2FUixrwH8UA94y6BZGefOsvz6F6pTJJ8mtAjSKoA5dfpIEGo%2FznRGmZq3l%2BMGzOfXGzGk9IKwrcXp9P4A%3D%3D&ppt=None&ppn=None&ssid=5dlncx6l5c0000001667799254899&qH=2be977f3ff92dd10,2022-11-07 11:04:19.660830+05:30
941CQ2AU,SAMSUNG 220 L Direct Cool Single Door 4 Star Refrigerator  with Curd Maestro,19490,25990,25% off,301,32,4.6,"['Digital Inverter Compressor', 'Built-in Stabilizer', '1 Year Warranty on Product and 10 Years on Compressor From Samsung']",https://www.flipkart.com/samsung-220-l-direct-cool-single-door-4-star-refrigerator-curd-maestro/p/itm43cb3fc8fa5f3?pid=RFRG6HEVBHRZEA4V&lid=LSTRFRG6HEVBHRZEA4VZUBUM0&marketplace=FLIPKART&q=fridge&store=j9e%2Fabm%2Fhzg&srno=s_2_39&otracker=search&otracker1=search&fm=organic&iid=f0e06f5b-68a8-4cb3-9f0c-18f458458469.RFRG6HEVBHRZEA4V.SEARCH&ppt=None&ppn=None&ssid=5dlncx6l5c0000001667799254899&qH=2be977f3ff92dd10,2022-11-07 11:04:19.968377+05:30
KH36CFZH,LG 190 L Direct Cool Single Door 4 Star Refrigerator with Base Drawer,17190,23899,28% off,7499,692,4.4,"['Smart Inverter Compressor', 'Built-in Stabilizer', '1 Year Warranty on Product and 10 Years Warranty on Compressor from LG']",https://www.flipkart.com/lg-190-l-direct-cool-single-door-4-star-refrigerator-base-drawer/p/itm7e0807d22bdb1?pid=RFRFPYDEJG7KWR4P&lid=LSTRFRFPYDEJG7KWR4PGZJNMX&marketplace=FLIPKART&q=fridge&store=j9e%2Fabm%2Fhzg&srno=s_2_40&otracker=search&otracker1=search&fm=organic&iid=f0e06f5b-68a8-4cb3-9f0c-18f458458469.RFRFPYDEJG7KWR4P.SEARCH&ppt=None&ppn=None&ssid=5dlncx6l5c0000001667799254899&qH=2be977f3ff92dd10,2022-11-07 11:04:20.263379+05:30
80G2W23E,Whirlpool 190 L Direct Cool Single Door 2 Star Refrigerator,13540,16500,17% off,37835,3499,4.3,"['Normal Compressor', 'Built-in Stabilizer', '1 Year on Product and 10 Years on Compressor from Whirlpool']",https://www.flipkart.com/whirlpool-190-l-direct-cool-single-door-2-star-refrigerator/p/itm823c53fcf0200?pid=RFRFZGFADYS3UTBG&lid=LSTRFRFZGFADYS3UTBGFVSNUE&marketplace=FLIPKART&q=fridge&store=j9e%2Fabm%2Fhzg&srno=s_2_41&otracker=search&otracker1=search&fm=organic&iid=en_pR9FI5%2FUixrwH8UA94y6BZGefOsvz6F6pTJJ8mtAjSKGrgyfXysuqHd6HAMUGAf96VmDAgCf6DMckC1h3ZnRZg%3D%3D&ppt=None&ppn=None&ssid=5dlncx6l5c0000001667799254899&qH=2be977f3ff92dd10,2022-11-07 11:04:20.553826+05:30
HZ6I9TLA,Whirlpool 190 L Direct Cool Single Door 3 Star Refrigerator,15340,18000,14% off,622,47,4.3,"['Non Inverter Compressor', 'Built-in Stabilizer', '1 Year on Product and 10 Years on Compressor from Whirlpool']",https://www.flipkart.com/whirlpool-190-l-direct-cool-single-door-3-star-refrigerator/p/itmc4870feb17803?pid=RFRG4XR689KTY9QT&lid=LSTRFRG4XR689KTY9QTJUWMVD&marketplace=FLIPKART&q=fridge&store=j9e%2Fabm%2Fhzg&srno=s_2_42&otracker=search&otracker1=search&fm=organic&iid=en_pR9FI5%2FUixrwH8UA94y6BZGefOsvz6F6pTJJ8mtAjSLzT9gbHqtLPpZ74V6HnYiTSnPWXWX2eFur1r0QMwaKtQ%3D%3D&ppt=None&ppn=None&ssid=5dlncx6l5c0000001667799254899&qH=2be977f3ff92dd10,2022-11-07 11:04:20.919450+05:30
R24BKBXK,MarQ by Flipkart 468 L Frost Free Side by Side Refrigerator,43990,64999,32% off,1426,186,4.3,"['Reciprocatory Compressor', 'Built-in Stabilizer', '1 Year Warranty on Product and 5 Years on Compressor']",https://www.flipkart.com/marq-flipkart-468-l-frost-free-side-refrigerator/p/itm3e2a5f79370df?pid=RFRFRWZCZ2F8VCTH&lid=LSTRFRFRWZCZ2F8VCTHBWSEBT&marketplace=FLIPKART&q=fridge&store=j9e%2Fabm%2Fhzg&srno=s_2_43&otracker=search&otracker1=search&fm=organic&iid=f0e06f5b-68a8-4cb3-9f0c-18f458458469.RFRFRWZCZ2F8VCTH.SEARCH&ppt=None&ppn=None&ssid=5dlncx6l5c0000001667799254899&qH=2be977f3ff92dd10,2022-11-07 11:04:21.220637+05:30
LPVF12B6,SAMSUNG 230 L Direct Cool Single Door 3 Star Refrigerator with Base Drawer,18590,22990,19% off,8166,962,4.4,"['Digital Inverter Compressor', 'Built-in Stabilizer', '1 Year on Product and 10 Years on Compressor From Samsung']",https://www.flipkart.com/samsung-230-l-direct-cool-single-door-3-star-refrigerator-base-drawer/p/itmd9633500f1aea?pid=RFRFNDEEPFZJ67PF&lid=LSTRFRFNDEEPFZJ67PFUHFXGS&marketplace=FLIPKART&q=fridge&store=j9e%2Fabm%2Fhzg&srno=s_2_44&otracker=search&otracker1=search&fm=organic&iid=f0e06f5b-68a8-4cb3-9f0c-18f458458469.RFRFNDEEPFZJ67PF.SEARCH&ppt=None&ppn=None&ssid=5dlncx6l5c0000001667799254899&qH=2be977f3ff92dd10,2022-11-07 11:04:21.538029+05:30
GR6KZLAA,SAMSUNG 275 L Frost Free Double Door 3 Star Convertible Refrigerator,29040,36990,21% off,6386,679,4.4,"['Digital Inverter Compressor', 'Built-in Stabilizer', '1 Year on Product and 10 Years on Compressor From Samsung']",https://www.flipkart.com/samsung-275-l-frost-free-double-door-3-star-convertible-refrigerator/p/itma5501b5a2a284?pid=RFRFNDEEPWKJFYHN&lid=LSTRFRFNDEEPWKJFYHNBUTUVP&marketplace=FLIPKART&q=fridge&store=j9e%2Fabm%2Fhzg&srno=s_2_45&otracker=search&otracker1=search&fm=organic&iid=f0e06f5b-68a8-4cb3-9f0c-18f458458469.RFRFNDEEPWKJFYHN.SEARCH&ppt=None&ppn=None&ssid=5dlncx6l5c0000001667799254899&qH=2be977f3ff92dd10,2022-11-07 11:04:21.887238+05:30
WD0POWLF,SAMSUNG 255 L Direct Cool Single Door 3 Star Refrigerator with Base Drawer,20590,25990,20% off,3764,493,4.3,"['Digital Inverter Compressor', 'Built-in Stabilizer', '1 Year on Product and 10 Years on Compressor From Samsung']",https://www.flipkart.com/samsung-255-l-direct-cool-single-door-3-star-refrigerator-base-drawer/p/itm1dbab394a1578?pid=RFRFNDEEFZXRJYXE&lid=LSTRFRFNDEEFZXRJYXEAC9H0D&marketplace=FLIPKART&q=fridge&store=j9e%2Fabm%2Fhzg&srno=s_2_46&otracker=search&otracker1=search&fm=organic&iid=f0e06f5b-68a8-4cb3-9f0c-18f458458469.RFRFNDEEFZXRJYXE.SEARCH&ppt=None&ppn=None&ssid=5dlncx6l5c0000001667799254899&qH=2be977f3ff92dd10,2022-11-07 11:04:22.190824+05:30
D96HV4LJ,Whirlpool 190 L Direct Cool Single Door 3 Star Refrigerator,15340,17600,12% off,1327,122,4.2,"['Non Inverter Compressor', 'Built-in Stabilizer', '1 Year on Product and 10 Years on Compressor from Whirlpool']",https://www.flipkart.com/whirlpool-190-l-direct-cool-single-door-3-star-refrigerator/p/itm600cc6ce9ae49?pid=RFRG4XR6QNSM6X5H&lid=LSTRFRG4XR6QNSM6X5HUWM1ZO&marketplace=FLIPKART&q=fridge&store=j9e%2Fabm%2Fhzg&srno=s_2_47&otracker=search&otracker1=search&fm=organic&iid=en_pR9FI5%2FUixrwH8UA94y6BZGefOsvz6F6pTJJ8mtAjSILnazozsLJEkiQwu%2FKhpvT3RgyFZzsE5Uq1sCzOjbMWg%3D%3D&ppt=None&ppn=None&ssid=5dlncx6l5c0000001667799254899&qH=2be977f3ff92dd10,2022-11-07 11:04:22.811005+05:30
BKPBOZ4M,Whirlpool 190 L Direct Cool Single Door 3 Star Refrigerator,14640,17000,13% off,37835,3499,4.3,"['Normal Compressor', 'Built-in Stabilizer', '1 Year on Product and 10 Years on Compressor from Whirlpool']",https://www.flipkart.com/whirlpool-190-l-direct-cool-single-door-3-star-refrigerator/p/itmafa0a476dffe1?pid=RFRFZGFAHQ7VQXZF&lid=LSTRFRFZGFAHQ7VQXZFLUB4OV&marketplace=FLIPKART&q=fridge&store=j9e%2Fabm%2Fhzg&srno=s_2_48&otracker=search&otracker1=search&fm=organic&iid=en_pR9FI5%2FUixrwH8UA94y6BZGefOsvz6F6pTJJ8mtAjSLYmb9GANKAabhNPvh3czjNZZHikuLs61%2BJy0ccFBS1Fg%3D%3D&ppt=None&ppn=None&ssid=5dlncx6l5c0000001667799254899&qH=2be977f3ff92dd10,2022-11-07 11:04:23.126949+05:30
E9HE5N12,LG 45 L Direct Cool Single Door 2 Star Refrigerator,7890,10190,22% off,621,79,4.1,"['Linear Compressor', 'Built-in Stabilizer', '1 Year Warranty on Product and 10 Years Warranty on Compressor from LG']",https://www.flipkart.com/lg-45-l-direct-cool-single-door-2-star-refrigerator/p/itm6d7494c6e327c?pid=RFRG49BGVYFHUCJZ&lid=LSTRFRG49BGVYFHUCJZV5PCTS&marketplace=FLIPKART&q=fridge&store=j9e%2Fabm%2Fhzg&srno=s_3_49&otracker=search&otracker1=search&fm=organic&iid=ef1cfceb-1a78-4c80-883b-c3734f9a15fa.RFRG49BGVYFHUCJZ.SEARCH&ppt=None&ppn=None&ssid=mizpfasj3k0000001667799264380&qH=2be977f3ff92dd10,2022-11-07 11:04:24.321935+05:30
X6DEE601,Godrej 185 L Direct Cool Single Door 3 Star Refrigerator,14290,15990,10% off,13334,1451,4.3,"['Reciprocatory Compressor', 'Built-in Stabilizer', '1 Year on Product and 10 Years on Compressor From Godrej']",https://www.flipkart.com/godrej-185-l-direct-cool-single-door-3-star-refrigerator/p/itma06683a06556c?pid=RFRFZTKRYPM65YJG&lid=LSTRFRFZTKRYPM65YJG3OTKTX&marketplace=FLIPKART&q=fridge&store=j9e%2Fabm%2Fhzg&srno=s_3_50&otracker=search&otracker1=search&fm=organic&iid=ef1cfceb-1a78-4c80-883b-c3734f9a15fa.RFRFZTKRYPM65YJG.SEARCH&ppt=None&ppn=None&ssid=mizpfasj3k0000001667799264380&qH=2be977f3ff92dd10,2022-11-07 11:04:25.088048+05:30
5EDX0JNX,Whirlpool 190 L Direct Cool Single Door 2 Star Refrigerator,12990,15600,16% off,37835,3499,4.3,"['Normal Compressor', 'Built-in Stabilizer', '1 Year on Product and 10 Years on Compressor from Whirlpool']",https://www.flipkart.com/whirlpool-190-l-direct-cool-single-door-2-star-refrigerator/p/itmf6b4c3749b7e4?pid=RFRFZGFAGZUJTXWF&lid=LSTRFRFZGFAGZUJTXWFPDDAKA&marketplace=FLIPKART&q=fridge&store=j9e%2Fabm%2Fhzg&srno=s_3_51&otracker=search&otracker1=search&fm=organic&iid=en_7o8dm%2FgC1%2FWL4eosZp5JLDvFVLVfiE3goslxMiPNRmR4Dhm1Alze2CpDTxTwAxtcUxBERcvvxLbebUgcQtk5mQ%3D%3D&ppt=None&ppn=None&ssid=mizpfasj3k0000001667799264380&qH=2be977f3ff92dd10,2022-11-07 11:04:25.398003+05:30
IBO6DT61,Whirlpool 190 L Direct Cool Single Door 3 Star Refrigerator with Base Drawer,16340,20450,20% off,820,91,4.3,"['Non Inverter Compressor', 'Built-in Stabilizer', '1 Year on Product and 10 Years on Compressor from Whirlpool']",https://www.flipkart.com/whirlpool-190-l-direct-cool-single-door-3-star-refrigerator-base-drawer/p/itm495a967730b3c?pid=RFRG4XR6ZDXBEMZR&lid=LSTRFRG4XR6ZDXBEMZRXQJ2DZ&marketplace=FLIPKART&q=fridge&store=j9e%2Fabm%2Fhzg&srno=s_3_52&otracker=search&otracker1=search&fm=organic&iid=en_7o8dm%2FgC1%2FWL4eosZp5JLDvFVLVfiE3goslxMiPNRmSu80QYfcXu6ytBVGbAt%2FlPCik8178uFvOyLd%2F99yHoOg%3D%3D&ppt=None&ppn=None&ssid=mizpfasj3k0000001667799264380&qH=2be977f3ff92dd10,2022-11-07 11:04:25.701892+05:30
4JMYNA7P,Haier 190 L Direct Cool Single Door 2 Star Refrigerator,12800,18700,31% off,289,36,4.3,"['Reciprocating Compressor', 'Built-in Stabilizer', '1 Year Warranty on Product and 10 Years on Compressor']",https://www.flipkart.com/haier-190-l-direct-cool-single-door-2-star-refrigerator/p/itm3562f23478e54?pid=RFRGBKPJACVQASBZ&lid=LSTRFRGBKPJACVQASBZTFSVEW&marketplace=FLIPKART&q=fridge&store=j9e%2Fabm%2Fhzg&srno=s_3_53&otracker=search&otracker1=search&fm=organic&iid=ef1cfceb-1a78-4c80-883b-c3734f9a15fa.RFRGBKPJACVQASBZ.SEARCH&ppt=None&ppn=None&ssid=mizpfasj3k0000001667799264380&qH=2be977f3ff92dd10,2022-11-07 11:04:26.055022+05:30
SP5GUOCY,Haier 195 L Direct Cool Single Door 4 Star Refrigerator,18990,23600,19% off,52,6,4.3,"['reciprocatory compressor', 'Built-in Stabilizer', '10 Year Warranty on Compressor, 1 year Warranty on product']",https://www.flipkart.com/haier-195-l-direct-cool-single-door-4-star-refrigerator/p/itm5fa1a2d07817e?pid=RFRG7FQQBEACXCHG&lid=LSTRFRG7FQQBEACXCHGDP50FF&marketplace=FLIPKART&q=fridge&store=j9e%2Fabm%2Fhzg&srno=s_3_54&otracker=search&otracker1=search&fm=organic&iid=ef1cfceb-1a78-4c80-883b-c3734f9a15fa.RFRG7FQQBEACXCHG.SEARCH&ppt=None&ppn=None&ssid=mizpfasj3k0000001667799264380&qH=2be977f3ff92dd10,2022-11-07 11:04:26.905363+05:30
0JTPTIA0,Whirlpool 265 L Frost Free Double Door 3 Star Convertible Refrigerator,25990,36700,29% off,98,6,3.9,"['Inverter', 'Built-in Stabilizer', '1 Year on Unit and 10 Years on Compressor from Whirlpool']",https://www.flipkart.com/whirlpool-265-l-frost-free-double-door-3-star-convertible-refrigerator/p/itm626c16b2486f8?pid=RFRFZD5GKZU4JRA7&lid=LSTRFRFZD5GKZU4JRA7BAM3FB&marketplace=FLIPKART&q=fridge&store=j9e%2Fabm%2Fhzg&spotlightTagId=TrendingId_j9e%2Fabm%2Fhzg&srno=s_3_55&otracker=search&otracker1=search&fm=organic&iid=ef1cfceb-1a78-4c80-883b-c3734f9a15fa.RFRFZD5GKZU4JRA7.SEARCH&ppt=None&ppn=None&ssid=mizpfasj3k0000001667799264380&qH=2be977f3ff92dd10,2022-11-07 11:04:27.330886+05:30
4NJCBFTD,Whirlpool 300 L Frost Free Triple Door Refrigerator,34390,43950,21% off,30897,3819,4.4,"['Normal Compressor', 'Built-in Stabilizer', '1 Year Warranty on Product and 10 Years on Compressor From Whirlpool']",https://www.flipkart.com/whirlpool-300-l-frost-free-triple-door-refrigerator/p/itmexbvqq3h9zyz2?pid=RFRDZEQ7FYQ5QTSN&lid=LSTRFRDZEQ7FYQ5QTSNHFAVDN&marketplace=FLIPKART&q=fridge&store=j9e%2Fabm%2Fhzg&srno=s_3_56&otracker=search&otracker1=search&fm=organic&iid=ef1cfceb-1a78-4c80-883b-c3734f9a15fa.RFRDZEQ7FYQ5QTSN.SEARCH&ppt=None&ppn=None&ssid=mizpfasj3k0000001667799264380&qH=2be977f3ff92dd10,2022-11-07 11:04:27.790885+05:30
0U69JORH,Whirlpool 190 L Direct Cool Single Door 2 Star Refrigerator,13540,15900,14% off,37835,3499,4.3,"['Normal Compressor', 'Built-in Stabilizer', '1 Year on Product and 10 Years on Compressor from Whirlpool']",https://www.flipkart.com/whirlpool-190-l-direct-cool-single-door-2-star-refrigerator/p/itm23de1846cafca?pid=RFRFZGFANZJHN6SB&lid=LSTRFRFZGFANZJHN6SBRJ24IH&marketplace=FLIPKART&q=fridge&store=j9e%2Fabm%2Fhzg&srno=s_3_57&otracker=search&otracker1=search&fm=organic&iid=en_7o8dm%2FgC1%2FWL4eosZp5JLDvFVLVfiE3goslxMiPNRmT%2FoBo60S5TkbYrhguMS9fefG1q4G8NhosLJpsjXdZLzg%3D%3D&ppt=None&ppn=None&ssid=mizpfasj3k0000001667799264380&qH=2be977f3ff92dd10,2022-11-07 11:04:28.177883+05:30
6HVUEPZ4,Whirlpool 190 L Direct Cool Single Door 3 Star Refrigerator with Base Drawer,16340,19500,16% off,444,34,4.3,"['Non Inverter Compressor', 'Built-in Stabilizer', '1 Year on Product and 10 Years on Compressor from Whirlpool']",https://www.flipkart.com/whirlpool-190-l-direct-cool-single-door-3-star-refrigerator-base-drawer/p/itmd625ad7498750?pid=RFRG4XR6FXK3XANH&lid=LSTRFRG4XR6FXK3XANH2QMZGI&marketplace=FLIPKART&q=fridge&store=j9e%2Fabm%2Fhzg&srno=s_3_58&otracker=search&otracker1=search&fm=organic&iid=en_7o8dm%2FgC1%2FWL4eosZp5JLDvFVLVfiE3goslxMiPNRmRMBG7kXtWqSZ72%2FCkq2UOcMGzOfXGzGk9IKwrcXp9P4A%3D%3D&ppt=None&ppn=None&ssid=mizpfasj3k0000001667799264380&qH=2be977f3ff92dd10,2022-11-07 11:04:28.530671+05:30
UPB3JYTK,LG 260 L Frost Free Double Door 2 Star Refrigerator,22820,25990,12% off,101,8,4.3,"['Smart Inverter Compressor', 'Built-in Stabilizer', '1 Year Warranty on product and 10 Years Warranty on Compressor from LG']",https://www.flipkart.com/lg-260-l-frost-free-double-door-2-star-refrigerator/p/itmf2a85d9c97477?pid=RFRFTW2ZTCSURJWY&lid=LSTRFRFTW2ZTCSURJWYS8YBGT&marketplace=FLIPKART&q=fridge&store=j9e%2Fabm%2Fhzg&srno=s_3_59&otracker=search&otracker1=search&fm=organic&iid=ef1cfceb-1a78-4c80-883b-c3734f9a15fa.RFRFTW2ZTCSURJWY.SEARCH&ppt=None&ppn=None&ssid=mizpfasj3k0000001667799264380&qH=2be977f3ff92dd10,2022-11-07 11:04:28.838683+05:30
439QRHH2,SAMSUNG 580 L Frost Free French Door Bottom Mount Convertible Refrigerator,71990,87990,18% off,281,38,4.3,"['Digital Inverter Compressor', 'Built-in Stabilizer', '1 Year on Product and 10 Years on Digital Inverter Compressor from Samsung']",https://www.flipkart.com/samsung-580-l-frost-free-french-door-bottom-mount-convertible-refrigerator/p/itm7119d81e6ee66?pid=RFRG2H9AHCYGVGSB&lid=LSTRFRG2H9AHCYGVGSBLBGM9L&marketplace=FLIPKART&q=fridge&store=j9e%2Fabm%2Fhzg&srno=s_3_60&otracker=search&otracker1=search&fm=organic&iid=ef1cfceb-1a78-4c80-883b-c3734f9a15fa.RFRG2H9AHCYGVGSB.SEARCH&ppt=None&ppn=None&ssid=mizpfasj3k0000001667799264380&qH=2be977f3ff92dd10,2022-11-07 11:04:29.206654+05:30
VMC0EP2O,Whirlpool 190 L Direct Cool Single Door 2 Star Refrigerator,13540,16500,17% off,37835,3499,4.3,"['Normal Compressor', 'Built-in Stabilizer', '1 Year on Product and 10 Years on Compressor from Whirlpool']",https://www.flipkart.com/whirlpool-190-l-direct-cool-single-door-2-star-refrigerator/p/itm823c53fcf0200?pid=RFRFZGFADYS3UTBG&lid=LSTRFRFZGFADYS3UTBGFVSNUE&marketplace=FLIPKART&q=fridge&store=j9e%2Fabm%2Fhzg&srno=s_3_61&otracker=search&otracker1=search&fm=organic&iid=en_7o8dm%2FgC1%2FWL4eosZp5JLDvFVLVfiE3goslxMiPNRmRUktcnw%2Fam%2Br5U5CHUAQop6VmDAgCf6DMckC1h3ZnRZg%3D%3D&ppt=None&ppn=None&ssid=mizpfasj3k0000001667799264380&qH=2be977f3ff92dd10,2022-11-07 11:04:29.520762+05:30
DLPC968S,Whirlpool 190 L Direct Cool Single Door 3 Star Refrigerator,15340,18000,14% off,622,47,4.3,"['Non Inverter Compressor', 'Built-in Stabilizer', '1 Year on Product and 10 Years on Compressor from Whirlpool']",https://www.flipkart.com/whirlpool-190-l-direct-cool-single-door-3-star-refrigerator/p/itmc4870feb17803?pid=RFRG4XR689KTY9QT&lid=LSTRFRG4XR689KTY9QTJUWMVD&marketplace=FLIPKART&q=fridge&store=j9e%2Fabm%2Fhzg&srno=s_3_62&otracker=search&otracker1=search&fm=organic&iid=en_7o8dm%2FgC1%2FWL4eosZp5JLDvFVLVfiE3goslxMiPNRmR5%2BYWyP3NzStxL4RpenK63SnPWXWX2eFur1r0QMwaKtQ%3D%3D&ppt=None&ppn=None&ssid=mizpfasj3k0000001667799264380&qH=2be977f3ff92dd10,2022-11-07 11:04:29.837147+05:30
6GA9JKKA,Haier 256 L Frost Free Double Door Bottom Mount 2 Star Convertible Refrigerator,23490,35900,34% off,884,77,4.4,"['Reciprocating Compressor', 'Built-in Stabilizer', '1 Year On Product and 10 Years on Compressor from Haier']",https://www.flipkart.com/haier-256-l-frost-free-double-door-bottom-mount-2-star-convertible-refrigerator/p/itmce4b403a74414?pid=RFRFZFHUGJMCZKGP&lid=LSTRFRFZFHUGJMCZKGPSCYQKS&marketplace=FLIPKART&q=fridge&store=j9e%2Fabm%2Fhzg&srno=s_3_63&otracker=search&otracker1=search&fm=organic&iid=ef1cfceb-1a78-4c80-883b-c3734f9a15fa.RFRFZFHUGJMCZKGP.SEARCH&ppt=None&ppn=None&ssid=mizpfasj3k0000001667799264380&qH=2be977f3ff92dd10,2022-11-07 11:04:30.136702+05:30
Q650DWYB,SAMSUNG 198 L Direct Cool Single Door 5 Star Refrigerator with Base Drawer,17690,21990,19% off,2104,251,4.5,"['Digital Inverter Compressor', 'Built-in Stabilizer', '1 Year Warranty on Product and 10 Years on Compressor from Samsung']",https://www.flipkart.com/samsung-198-l-direct-cool-single-door-5-star-refrigerator-base-drawer/p/itm2fc7db84373b5?pid=RFRG4ADMK7ZTTG7M&lid=LSTRFRG4ADMK7ZTTG7MTYRK4D&marketplace=FLIPKART&q=fridge&store=j9e%2Fabm%2Fhzg&srno=s_3_64&otracker=search&otracker1=search&fm=organic&iid=ef1cfceb-1a78-4c80-883b-c3734f9a15fa.RFRG4ADMK7ZTTG7M.SEARCH&ppt=None&ppn=None&ssid=mizpfasj3k0000001667799264380&qH=2be977f3ff92dd10,2022-11-07 11:04:30.924761+05:30
Q48GHE9P,Haier 256 L Frost Free Double Door 3 Star Convertible Refrigerator,26490,40400,34% off,3798,360,4.4,"['Inverter Compressor', 'Built-in Stabilizer', '1 Year Warranty on Product and 10 Years on Compressor']",https://www.flipkart.com/haier-256-l-frost-free-double-door-3-star-convertible-refrigerator/p/itmf23yxx3x8h8br?pid=RFRFNWGW8BX5JYNA&lid=LSTRFRFNWGW8BX5JYNAUHK6FS&marketplace=FLIPKART&q=fridge&store=j9e%2Fabm%2Fhzg&srno=s_3_65&otracker=search&otracker1=search&fm=organic&iid=ef1cfceb-1a78-4c80-883b-c3734f9a15fa.RFRFNWGW8BX5JYNA.SEARCH&ppt=None&ppn=None&ssid=mizpfasj3k0000001667799264380&qH=2be977f3ff92dd10,2022-11-07 11:04:31.722505+05:30
XBU1XOBS,"SAMSUNG 192 L Direct Cool Single Door 4 Star Refrigerator with Base Drawer  with Digi Touch Cool, Curd...",18600,21990,15% off,985,126,4.4,"['Digital Inverter Compressor', 'Built-in Stabilizer', '1 Year on Product and 10 Years on Compressor From Samsung']",https://www.flipkart.com/samsung-192-l-direct-cool-single-door-4-star-refrigerator-base-drawer-digi-touch-cool-curd-maestro-bsd/p/itm76863ee7a9072?pid=RFRFZKEUBYTE2MWG&lid=LSTRFRFZKEUBYTE2MWGPH15LN&marketplace=FLIPKART&q=fridge&store=j9e%2Fabm%2Fhzg&srno=s_3_66&otracker=search&otracker1=search&fm=organic&iid=ef1cfceb-1a78-4c80-883b-c3734f9a15fa.RFRFZKEUBYTE2MWG.SEARCH&ppt=None&ppn=None&ssid=mizpfasj3k0000001667799264380&qH=2be977f3ff92dd10,2022-11-07 11:04:32.634502+05:30
3IKQFQJA,Whirlpool 190 L Direct Cool Single Door 3 Star Refrigerator,15340,17600,12% off,1327,122,4.2,"['Non Inverter Compressor', 'Built-in Stabilizer', '1 Year on Product and 10 Years on Compressor from Whirlpool']",https://www.flipkart.com/whirlpool-190-l-direct-cool-single-door-3-star-refrigerator/p/itm600cc6ce9ae49?pid=RFRG4XR6QNSM6X5H&lid=LSTRFRG4XR6QNSM6X5HUWM1ZO&marketplace=FLIPKART&q=fridge&store=j9e%2Fabm%2Fhzg&srno=s_3_67&otracker=search&otracker1=search&fm=organic&iid=en_7o8dm%2FgC1%2FWL4eosZp5JLDvFVLVfiE3goslxMiPNRmR5LV%2BaY32uwHjBidA7YroO3RgyFZzsE5Uq1sCzOjbMWg%3D%3D&ppt=None&ppn=None&ssid=mizpfasj3k0000001667799264380&qH=2be977f3ff92dd10,2022-11-07 11:04:32.956582+05:30
OY4R0L9Z,Whirlpool 190 L Direct Cool Single Door 3 Star Refrigerator,14640,17000,13% off,37835,3499,4.3,"['Normal Compressor', 'Built-in Stabilizer', '1 Year on Product and 10 Years on Compressor from Whirlpool']",https://www.flipkart.com/whirlpool-190-l-direct-cool-single-door-3-star-refrigerator/p/itmafa0a476dffe1?pid=RFRFZGFAHQ7VQXZF&lid=LSTRFRFZGFAHQ7VQXZFLUB4OV&marketplace=FLIPKART&q=fridge&store=j9e%2Fabm%2Fhzg&srno=s_3_68&otracker=search&otracker1=search&fm=organic&iid=en_7o8dm%2FgC1%2FWL4eosZp5JLDvFVLVfiE3goslxMiPNRmROjxfbH1Jb%2B18%2F2WuzVhIL9id%2Byr2a%2Frjl%2FtNWn3LZxQ%3D%3D&ppt=None&ppn=None&ssid=mizpfasj3k0000001667799264380&qH=2be977f3ff92dd10,2022-11-07 11:04:33.243616+05:30
DVMFUFWR,SAMSUNG 253 L Frost Free Double Door 3 Star Refrigerator,25190,28990,13% off,7039,705,4.4,"['Digital Inverter Compressor', 'Built-in Stabilizer', '1 Year Comprehensive on Product and 10 Years on Compressor From Samsung']",https://www.flipkart.com/samsung-253-l-frost-free-double-door-3-star-refrigerator/p/itm93d659f6e684f?pid=RFRFPUVBS3ZVEP4K&lid=LSTRFRFPUVBS3ZVEP4KIUHWOJ&marketplace=FLIPKART&q=fridge&store=j9e%2Fabm%2Fhzg&srno=s_3_69&otracker=search&otracker1=search&fm=organic&iid=ef1cfceb-1a78-4c80-883b-c3734f9a15fa.RFRFPUVBS3ZVEP4K.SEARCH&ppt=None&ppn=None&ssid=mizpfasj3k0000001667799264380&qH=2be977f3ff92dd10,2022-11-07 11:04:33.569330+05:30
Q5396QL3,Godrej 236 L Frost Free Double Door 2 Star Refrigerator,20790,21900,5% off,5233,565,4.3,"['Inverter Compressor', 'Built-in Stabilizer', '1 Year Warranty on product and 10 Years Warranty on Compressor from Godrej']",https://www.flipkart.com/godrej-236-l-frost-free-double-door-2-star-refrigerator/p/itm4e9b9dbde460e?pid=RFRFZCW3W7S3CTZP&lid=LSTRFRFZCW3W7S3CTZP1CDPJY&marketplace=FLIPKART&q=fridge&store=j9e%2Fabm%2Fhzg&srno=s_3_70&otracker=search&otracker1=search&fm=organic&iid=ef1cfceb-1a78-4c80-883b-c3734f9a15fa.RFRFZCW3W7S3CTZP.SEARCH&ppt=None&ppn=None&ssid=mizpfasj3k0000001667799264380&qH=2be977f3ff92dd10,2022-11-07 11:04:33.935093+05:30
40UQEEXG,Whirlpool 190 L Direct Cool Single Door 3 Star Refrigerator,14640,18700,21% off,37835,3499,4.3,"['Normal Compressor', 'Built-in Stabilizer', '1 Year on Product and 10 Years on Compressor from Whirlpool']",https://www.flipkart.com/whirlpool-190-l-direct-cool-single-door-3-star-refrigerator/p/itm94a1658747a65?pid=RFRFZGFAFJAANRWP&lid=LSTRFRFZGFAFJAANRWPKN0PYK&marketplace=FLIPKART&q=fridge&store=j9e%2Fabm%2Fhzg&srno=s_3_71&otracker=search&otracker1=search&fm=organic&iid=en_7o8dm%2FgC1%2FWL4eosZp5JLDvFVLVfiE3goslxMiPNRmRr%2BMJdN90zrfEO%2FZluHNK4Q99ZbiOJ%2Bg96C1A41aEjrQ%3D%3D&ppt=None&ppn=None&ssid=mizpfasj3k0000001667799264380&qH=2be977f3ff92dd10,2022-11-07 11:04:34.238777+05:30
9G0FBDX3,Whirlpool 190 L Direct Cool Single Door 3 Star Refrigerator,14000,18700,25% off,37835,3499,4.3,"['Normal Compressor', 'Built-in Stabilizer', '1 Year on Product and 10 Years on Compressor from Whirlpool']",https://www.flipkart.com/whirlpool-190-l-direct-cool-single-door-3-star-refrigerator/p/itmf8e85786b09ef?pid=RFRFZGFAMXNUREWN&lid=LSTRFRFZGFAMXNUREWN3V8KEL&marketplace=FLIPKART&q=fridge&store=j9e%2Fabm%2Fhzg&srno=s_3_72&otracker=search&otracker1=search&fm=organic&iid=en_7o8dm%2FgC1%2FWL4eosZp5JLDvFVLVfiE3goslxMiPNRmREWMMqTVgwY6zyoKfiTK6CMS96o%2BR53YD60lqIk4fxYw%3D%3D&ppt=None&ppn=None&ssid=mizpfasj3k0000001667799264380&qH=2be977f3ff92dd10,2022-11-07 11:04:35.040354+05:30
4MLTG9XI,Godrej 185 L Direct Cool Single Door 4 Star Refrigerator,15190,16490,7% off,13334,1451,4.3,"['Intelligent Inverter Compressor', 'Built-in Stabilizer', '1 Year on Product and 10 Years on Compressor From Godrej']",https://www.flipkart.com/godrej-185-l-direct-cool-single-door-4-star-refrigerator/p/itm9c19a2a7cd7aa?pid=RFRFZTKREFHVVDEQ&lid=LSTRFRFZTKREFHVVDEQCODAQF&marketplace=FLIPKART&q=fridge&store=j9e%2Fabm%2Fhzg&srno=s_4_73&otracker=search&otracker1=search&fm=organic&iid=842a52e9-c232-4d36-abc0-0be1bdba4d73.RFRFZTKREFHVVDEQ.SEARCH&ppt=None&ppn=None&ssid=um15ddtn9c0000001667799276164&qH=2be977f3ff92dd10,2022-11-07 11:04:36.053933+05:30
I6L1PCHK,"SAMSUNG 225 L Direct Cool Single Door 4 Star Refrigerator with Base Drawer  with Digi Touch Cool, BSD",20590,22990,10% off,10837,1278,4.4,"['Digital Inverter Compressor', 'Built-in Stabilizer', '1 Year on Product and 10 Years on Compressor From Samsung']",https://www.flipkart.com/samsung-225-l-direct-cool-single-door-4-star-refrigerator-base-drawer-digi-touch-cool-bsd/p/itm61d3505cbf0e7?pid=RFRFZKEUYZXHVKHF&lid=LSTRFRFZKEUYZXHVKHFTSWWPN&marketplace=FLIPKART&q=fridge&store=j9e%2Fabm%2Fhzg&srno=s_4_74&otracker=search&otracker1=search&fm=organic&iid=842a52e9-c232-4d36-abc0-0be1bdba4d73.RFRFZKEUYZXHVKHF.SEARCH&ppt=None&ppn=None&ssid=um15ddtn9c0000001667799276164&qH=2be977f3ff92dd10,2022-11-07 11:04:36.931060+05:30
TIDCZNKM,Whirlpool 190 L Direct Cool Single Door 2 Star Refrigerator,14240,16700,14% off,4727,392,4.3,"['Normal Compressor', 'Built-in Stabilizer', '1 Year on Product and 10 Years on the Compressor']",https://www.flipkart.com/whirlpool-190-l-direct-cool-single-door-2-star-refrigerator/p/itm843ab5996b701?pid=RFRGAD5HSYVHPTJQ&lid=LSTRFRGAD5HSYVHPTJQYQD9TM&marketplace=FLIPKART&q=fridge&store=j9e%2Fabm%2Fhzg&srno=s_4_75&otracker=search&otracker1=search&fm=organic&iid=842a52e9-c232-4d36-abc0-0be1bdba4d73.RFRGAD5HSYVHPTJQ.SEARCH&ppt=None&ppn=None&ssid=um15ddtn9c0000001667799276164&qH=2be977f3ff92dd10,2022-11-07 11:04:37.674559+05:30
WSLI3UCB,LG 190 L Direct Cool Single Door 5 Star Refrigerator with Base Drawer,18890,26000,27% off,22,1,4.5,"['Smart Inverter Compressor', 'Built-in Stabilizer', '1 Year on Product and 10 Years on Compressor From LG']",https://www.flipkart.com/lg-190-l-direct-cool-single-door-5-star-refrigerator-base-drawer/p/itm86eaf1632b4bb?pid=RFRGBHYVNXEABDGR&lid=LSTRFRGBHYVNXEABDGRUYHJSR&marketplace=FLIPKART&q=fridge&store=j9e%2Fabm%2Fhzg&srno=s_4_76&otracker=search&otracker1=search&fm=organic&iid=842a52e9-c232-4d36-abc0-0be1bdba4d73.RFRGBHYVNXEABDGR.SEARCH&ppt=None&ppn=None&ssid=um15ddtn9c0000001667799276164&qH=2be977f3ff92dd10,2022-11-07 11:04:37.984039+05:30
QUBEQ4TS,Whirlpool 190 L Direct Cool Single Door 2 Star Refrigerator,12990,15600,16% off,37835,3499,4.3,"['Normal Compressor', 'Built-in Stabilizer', '1 Year on Product and 10 Years on Compressor from Whirlpool']",https://www.flipkart.com/whirlpool-190-l-direct-cool-single-door-2-star-refrigerator/p/itmf6b4c3749b7e4?pid=RFRFZGFAGZUJTXWF&lid=LSTRFRFZGFAGZUJTXWFPDDAKA&marketplace=FLIPKART&q=fridge&store=j9e%2Fabm%2Fhzg&srno=s_4_77&otracker=search&otracker1=search&fm=organic&iid=en_OWstgqWdr5MmP9f0CqvR06Ki3URj6AW0JxOkK7E3rt2tSxEFjLuZZ7CtOf%2FWRZw1UxBERcvvxLbebUgcQtk5mQ%3D%3D&ppt=None&ppn=None&ssid=um15ddtn9c0000001667799276164&qH=2be977f3ff92dd10,2022-11-07 11:04:38.346277+05:30
CGOZUEB5,Whirlpool 240 L Frost Free Triple Door Refrigerator,27990,33250,15% off,30897,3819,4.4,"['Normal Compressor', 'Built-in Stabilizer', '1 Year Warranty on Product and 10 Years Warranty on Compressor from Whirlpool']",https://www.flipkart.com/whirlpool-240-l-frost-free-triple-door-refrigerator/p/itmf7z5vhfcxysvp?pid=RFRF3HZZZYTNKSCU&lid=LSTRFRF3HZZZYTNKSCUCOA9SO&marketplace=FLIPKART&q=fridge&store=j9e%2Fabm%2Fhzg&srno=s_4_78&otracker=search&otracker1=search&fm=organic&iid=en_OWstgqWdr5MmP9f0CqvR06Ki3URj6AW0JxOkK7E3rt06mfXcbYPXRaDIH7%2BL9bhA7Rfr5RUYhX0WhJqwxOQvSg%3D%3D&ppt=None&ppn=None&ssid=um15ddtn9c0000001667799276164&qH=2be977f3ff92dd10,2022-11-07 11:04:38.708984+05:30
CB7P8K8L,SAMSUNG 192 L Direct Cool Single Door 3 Star Refrigerator with Base Drawer,16090,18990,15% off,4849,500,4.4,"['Digital Inverter Compressor', 'Built-in Stabilizer', '1 Year on Product and 10 Years on Compressor From Samsung']",https://www.flipkart.com/samsung-192-l-direct-cool-single-door-3-star-refrigerator-base-drawer/p/itmfc75dbcc53b65?pid=RFRFZFFWTGRXMJ4F&lid=LSTRFRFZFFWTGRXMJ4FLUXOMX&marketplace=FLIPKART&q=fridge&store=j9e%2Fabm%2Fhzg&srno=s_4_79&otracker=search&otracker1=search&fm=organic&iid=842a52e9-c232-4d36-abc0-0be1bdba4d73.RFRFZFFWTGRXMJ4F.SEARCH&ppt=None&ppn=None&ssid=um15ddtn9c0000001667799276164&qH=2be977f3ff92dd10,2022-11-07 11:04:39.014629+05:30
DZU1QAYW,Midea 482 L Frost Free Side by Side Refrigerator,48990,69990,30% off,26,2,4.2,"['Inverter Compressor', 'Built-in Stabilizer', '1 Year Warranty on Product and 10 Years on Compressor']",https://www.flipkart.com/midea-482-l-frost-free-side-refrigerator/p/itmda3fdb32f71da?pid=RFRG8SKJ9HRDMRJE&lid=LSTRFRG8SKJ9HRDMRJEKZWDIH&marketplace=FLIPKART&q=fridge&store=j9e%2Fabm%2Fhzg&srno=s_4_80&otracker=search&otracker1=search&fm=organic&iid=842a52e9-c232-4d36-abc0-0be1bdba4d73.RFRG8SKJ9HRDMRJE.SEARCH&ppt=None&ppn=None&ssid=um15ddtn9c0000001667799276164&qH=2be977f3ff92dd10,2022-11-07 11:04:39.319735+05:30
QO1BNQAD,Whirlpool 190 L Direct Cool Single Door 3 Star Refrigerator with Base Drawer,16340,20450,20% off,820,91,4.3,"['Non Inverter Compressor', 'Built-in Stabilizer', '1 Year on Product and 10 Years on Compressor from Whirlpool']",https://www.flipkart.com/whirlpool-190-l-direct-cool-single-door-3-star-refrigerator-base-drawer/p/itm495a967730b3c?pid=RFRG4XR6ZDXBEMZR&lid=LSTRFRG4XR6ZDXBEMZRXQJ2DZ&marketplace=FLIPKART&q=fridge&store=j9e%2Fabm%2Fhzg&srno=s_4_81&otracker=search&otracker1=search&fm=organic&iid=en_OWstgqWdr5MmP9f0CqvR06Ki3URj6AW0JxOkK7E3rt053zWP1Vn%2F7I7z8MdY2jgmCik8178uFvOyLd%2F99yHoOg%3D%3D&ppt=None&ppn=None&ssid=um15ddtn9c0000001667799276164&qH=2be977f3ff92dd10,2022-11-07 11:04:39.628844+05:30
ZL6SSUJG,Whirlpool 190 L Direct Cool Single Door 2 Star Refrigerator,13540,15900,14% off,37835,3499,4.3,"['Normal Compressor', 'Built-in Stabilizer', '1 Year on Product and 10 Years on Compressor from Whirlpool']",https://www.flipkart.com/whirlpool-190-l-direct-cool-single-door-2-star-refrigerator/p/itm23de1846cafca?pid=RFRFZGFANZJHN6SB&lid=LSTRFRFZGFANZJHN6SBRJ24IH&marketplace=FLIPKART&q=fridge&store=j9e%2Fabm%2Fhzg&srno=s_4_82&otracker=search&otracker1=search&fm=organic&iid=en_OWstgqWdr5MmP9f0CqvR06Ki3URj6AW0JxOkK7E3rt11hLLRj4mBtrJvB4eO6RzPfG1q4G8NhosLJpsjXdZLzg%3D%3D&ppt=None&ppn=None&ssid=um15ddtn9c0000001667799276164&qH=2be977f3ff92dd10,2022-11-07 11:04:39.918735+05:30
EZGY18E7,Whirlpool 265 L Frost Free Double Door 2 Star Refrigerator  with Glass Door,27190,27400,0,2263,252,4.4,"['Normal Compressor', 'Built-in Stabilizer', '1 Year Comprehensive on the Product and 10 Years on the Compressor from Whirlpool']",https://www.flipkart.com/whirlpool-265-l-frost-free-double-door-2-star-refrigerator-glass/p/itm9ab179c82c43f?pid=RFRFQYY7AK33XWAY&lid=LSTRFRFQYY7AK33XWAY9NJKAR&marketplace=FLIPKART&q=fridge&store=j9e%2Fabm%2Fhzg&srno=s_4_83&otracker=search&otracker1=search&fm=organic&iid=842a52e9-c232-4d36-abc0-0be1bdba4d73.RFRFQYY7AK33XWAY.SEARCH&ppt=None&ppn=None&ssid=um15ddtn9c0000001667799276164&qH=2be977f3ff92dd10,2022-11-07 11:04:40.711790+05:30
4PACUPM8,Haier 195 L Direct Cool Single Door 5 Star Refrigerator with Base Drawer,17790,29100,38% off,337,50,4.4,"['Reciprocatory Compressor', 'Built-in Stabilizer', '1 Year Warranty on Product and 10 Years Warranty on Compressor']",https://www.flipkart.com/haier-195-l-direct-cool-single-door-5-star-refrigerator-base-drawer/p/itm184a91512a101?pid=RFRGGSH53ZWPZTCB&lid=LSTRFRGGSH53ZWPZTCBL6B8NL&marketplace=FLIPKART&q=fridge&store=j9e%2Fabm%2Fhzg&srno=s_4_84&otracker=search&otracker1=search&fm=organic&iid=842a52e9-c232-4d36-abc0-0be1bdba4d73.RFRGGSH53ZWPZTCB.SEARCH&ppt=None&ppn=None&ssid=um15ddtn9c0000001667799276164&qH=2be977f3ff92dd10,2022-11-07 11:04:41.072001+05:30
23L6BV7R,LG 190 L Direct Cool Single Door 5 Star Refrigerator with Base Drawer,18299,25000,26% off,56,4,4.3,"['Smart Inverter Compressor', 'Built-in Stabilizer', '1 Year Warranty on Product and 10 Years on Compressor']",https://www.flipkart.com/lg-190-l-direct-cool-single-door-5-star-refrigerator-base-drawer/p/itm7baa59d6d4b1c?pid=RFRG6W7PHXPZRVFA&lid=LSTRFRG6W7PHXPZRVFAG7WONA&marketplace=FLIPKART&q=fridge&store=j9e%2Fabm%2Fhzg&srno=s_4_85&otracker=search&otracker1=search&fm=organic&iid=842a52e9-c232-4d36-abc0-0be1bdba4d73.RFRG6W7PHXPZRVFA.SEARCH&ppt=None&ppn=None&ssid=um15ddtn9c0000001667799276164&qH=2be977f3ff92dd10,2022-11-07 11:04:41.506791+05:30
KLKGSE5K,Haier 53 L Direct Cool Single Door 2 Star Refrigerator,9590,12500,23% off,471,41,4.3,"['Reciprocatory Compressor', 'Built-in Stabilizer', '1 Year Warranty on Product and 5 Years Warranty on Compressor from Haier']",https://www.flipkart.com/haier-53-l-direct-cool-single-door-2-star-refrigerator/p/itmeee07b7c2bee2?pid=RFRFVFQC3GUFDY7X&lid=LSTRFRFVFQC3GUFDY7XHLF5KU&marketplace=FLIPKART&q=fridge&store=j9e%2Fabm%2Fhzg&srno=s_4_86&otracker=search&otracker1=search&fm=organic&iid=842a52e9-c232-4d36-abc0-0be1bdba4d73.RFRFVFQC3GUFDY7X.SEARCH&ppt=None&ppn=None&ssid=um15ddtn9c0000001667799276164&qH=2be977f3ff92dd10,2022-11-07 11:04:41.856595+05:30
GGR1H0OO,Whirlpool 300 L Frost Free Triple Door Refrigerator,34390,43950,21% off,30897,3819,4.4,"['Normal Compressor', 'Built-in Stabilizer', '1 Year Warranty on Product and 10 Years on Compressor From Whirlpool']",https://www.flipkart.com/whirlpool-300-l-frost-free-triple-door-refrigerator/p/itmexbvqq3h9zyz2?pid=RFRDZEQ7FYQ5QTSN&lid=LSTRFRDZEQ7FYQ5QTSNHFAVDN&marketplace=FLIPKART&q=fridge&store=j9e%2Fabm%2Fhzg&srno=s_4_87&otracker=search&otracker1=search&fm=organic&iid=en_OWstgqWdr5MmP9f0CqvR06Ki3URj6AW0JxOkK7E3rt3hS%2BeRS%2FG4SC8X%2BMQ7ZSTEDo5XXw04e34i8rC9wk%2FwUA%3D%3D&ppt=None&ppn=None&ssid=um15ddtn9c0000001667799276164&qH=2be977f3ff92dd10,2022-11-07 11:04:42.156873+05:30
YLNYPF5G,Whirlpool 190 L Direct Cool Single Door 3 Star Refrigerator with Base Drawer,16340,19500,16% off,444,34,4.3,"['Non Inverter Compressor', 'Built-in Stabilizer', '1 Year on Product and 10 Years on Compressor from Whirlpool']",https://www.flipkart.com/whirlpool-190-l-direct-cool-single-door-3-star-refrigerator-base-drawer/p/itmd625ad7498750?pid=RFRG4XR6FXK3XANH&lid=LSTRFRG4XR6FXK3XANH2QMZGI&marketplace=FLIPKART&q=fridge&store=j9e%2Fabm%2Fhzg&srno=s_4_88&otracker=search&otracker1=search&fm=organic&iid=en_OWstgqWdr5MmP9f0CqvR06Ki3URj6AW0JxOkK7E3rt1iN7J0mBK06hhYOK%2B2%2FR%2F3MGzOfXGzGk9IKwrcXp9P4A%3D%3D&ppt=None&ppn=None&ssid=um15ddtn9c0000001667799276164&qH=2be977f3ff92dd10,2022-11-07 11:04:42.466564+05:30
FECON999,SAMSUNG 198 L Direct Cool Single Door 4 Star Refrigerator  with Digi Touch Cool,16490,17990,8% off,2190,256,4.4,"['Digital Inverter Compressor', 'Built-in Stabilizer', '1 Year on Product and 10 Years on Compressor From Samsung']",https://www.flipkart.com/samsung-198-l-direct-cool-single-door-4-star-refrigerator-digi-touch/p/itm3363ea3a9bb27?pid=RFRFZKEUX5JBXHQZ&lid=LSTRFRFZKEUX5JBXHQZGWZCO0&marketplace=FLIPKART&q=fridge&store=j9e%2Fabm%2Fhzg&srno=s_4_89&otracker=search&otracker1=search&fm=organic&iid=842a52e9-c232-4d36-abc0-0be1bdba4d73.RFRFZKEUX5JBXHQZ.SEARCH&ppt=None&ppn=None&ssid=um15ddtn9c0000001667799276164&qH=2be977f3ff92dd10,2022-11-07 11:04:42.755352+05:30
UAGQ9MPH,LG 235 L Direct Cool Single Door 5 Star Refrigerator with Base Drawer,22090,30399,27% off,7034,732,4.4,"['Inverter Compressor', 'Built-in Stabilizer', '1 Year on Refrigerator Unit and 10 Years on Compressor From LG']",https://www.flipkart.com/lg-235-l-direct-cool-single-door-5-star-refrigerator-base-drawer/p/itme2623fbb24152?pid=RFRFZZ8YTZ6SWW4U&lid=LSTRFRFZZ8YTZ6SWW4UJJLCD6&marketplace=FLIPKART&q=fridge&store=j9e%2Fabm%2Fhzg&srno=s_4_90&otracker=search&otracker1=search&fm=organic&iid=842a52e9-c232-4d36-abc0-0be1bdba4d73.RFRFZZ8YTZ6SWW4U.SEARCH&ppt=None&ppn=None&ssid=um15ddtn9c0000001667799276164&qH=2be977f3ff92dd10,2022-11-07 11:04:43.080390+05:30
6YIU52Z5,Whirlpool 190 L Direct Cool Single Door 2 Star Refrigerator,13540,16500,17% off,37835,3499,4.3,"['Normal Compressor', 'Built-in Stabilizer', '1 Year on Product and 10 Years on Compressor from Whirlpool']",https://www.flipkart.com/whirlpool-190-l-direct-cool-single-door-2-star-refrigerator/p/itm823c53fcf0200?pid=RFRFZGFADYS3UTBG&lid=LSTRFRFZGFADYS3UTBGFVSNUE&marketplace=FLIPKART&q=fridge&store=j9e%2Fabm%2Fhzg&srno=s_4_91&otracker=search&otracker1=search&fm=organic&iid=en_OWstgqWdr5MmP9f0CqvR06Ki3URj6AW0JxOkK7E3rt1AW67rAW2hf5n%2Feq8qvh6t6VmDAgCf6DMckC1h3ZnRZg%3D%3D&ppt=None&ppn=None&ssid=um15ddtn9c0000001667799276164&qH=2be977f3ff92dd10,2022-11-07 11:04:43.378724+05:30
RGVSLY1U,Whirlpool 190 L Direct Cool Single Door 3 Star Refrigerator,15340,18000,14% off,622,47,4.3,"['Non Inverter Compressor', 'Built-in Stabilizer', '1 Year on Product and 10 Years on Compressor from Whirlpool']",https://www.flipkart.com/whirlpool-190-l-direct-cool-single-door-3-star-refrigerator/p/itmc4870feb17803?pid=RFRG4XR689KTY9QT&lid=LSTRFRG4XR689KTY9QTJUWMVD&marketplace=FLIPKART&q=fridge&store=j9e%2Fabm%2Fhzg&srno=s_4_92&otracker=search&otracker1=search&fm=organic&iid=en_OWstgqWdr5MmP9f0CqvR06Ki3URj6AW0JxOkK7E3rt2Vh%2BeiXvUFSS2P4dx%2FIJO6SnPWXWX2eFur1r0QMwaKtQ%3D%3D&ppt=None&ppn=None&ssid=um15ddtn9c0000001667799276164&qH=2be977f3ff92dd10,2022-11-07 11:04:43.666587+05:30
492P1O8D,Whirlpool 215 L Direct Cool Single Door 5 Star Refrigerator with Base Drawer,21290,24200,12% off,3456,371,4.4,"['Inverter Compressor', 'Built-in Stabilizer', '1 Year on Product and 10 Years on Compressor from Whirlpool']",https://www.flipkart.com/whirlpool-215-l-direct-cool-single-door-5-star-refrigerator-base-drawer/p/itm1275774a6f6f2?pid=RFRFYZCPJZFBXUVR&lid=LSTRFRFYZCPJZFBXUVRWX14VG&marketplace=FLIPKART&q=fridge&store=j9e%2Fabm%2Fhzg&srno=s_4_93&otracker=search&otracker1=search&fm=organic&iid=842a52e9-c232-4d36-abc0-0be1bdba4d73.RFRFYZCPJZFBXUVR.SEARCH&ppt=None&ppn=None&ssid=um15ddtn9c0000001667799276164&qH=2be977f3ff92dd10,2022-11-07 11:04:43.959751+05:30
2HRBK1F3,Godrej 190 L Direct Cool Single Door 5 Star Refrigerator,17490,21000,16% off,4963,575,4.4,"['Hygiene Plus Inverter Compressor', 'Built-in Stabilizer', '1 Year Warranty on Product and 10 Years Warranty on Compressor']",https://www.flipkart.com/godrej-190-l-direct-cool-single-door-5-star-refrigerator/p/itm06a5bbb1efdfe?pid=RFRGHPUZQEXQZNDM&lid=LSTRFRGHPUZQEXQZNDM33AWGM&marketplace=FLIPKART&q=fridge&store=j9e%2Fabm%2Fhzg&srno=s_4_94&otracker=search&otracker1=search&fm=organic&iid=842a52e9-c232-4d36-abc0-0be1bdba4d73.RFRGHPUZQEXQZNDM.SEARCH&ppt=None&ppn=None&ssid=um15ddtn9c0000001667799276164&qH=2be977f3ff92dd10,2022-11-07 11:04:45.013266+05:30
GEARAHGH,SAMSUNG 244 L Frost Free Double Door 3 Star Refrigerator  with Curd Maestro,26490,31990,17% off,7039,705,4.4,"['Digital Inverter Compressor', 'Built-in Stabilizer', '1 Year on Product and 10 Years on Compressor From Samsung']",https://www.flipkart.com/samsung-244-l-frost-free-double-door-3-star-refrigerator-curd-maestro/p/itm146d4fe6e6322?pid=RFRFNDEEYYUGHNAF&lid=LSTRFRFNDEEYYUGHNAF4SKMUG&marketplace=FLIPKART&q=fridge&store=j9e%2Fabm%2Fhzg&srno=s_4_95&otracker=search&otracker1=search&fm=organic&iid=842a52e9-c232-4d36-abc0-0be1bdba4d73.RFRFNDEEYYUGHNAF.SEARCH&ppt=None&ppn=None&ssid=um15ddtn9c0000001667799276164&qH=2be977f3ff92dd10,2022-11-07 11:04:45.933531+05:30
AXVJ88XJ,MarQ by Flipkart 170 L Direct Cool Single Door 2 Star Refrigerator,10490,12999,19% off,5972,723,4.1,"['Reciprocatory Compressor', 'Built-in Stabilizer', '1 Year on Product and 5 Years on Compressor Warranty From Marq by Flipkart']",https://www.flipkart.com/marq-flipkart-170-l-direct-cool-single-door-2-star-refrigerator/p/itm43caf11abab73?pid=RFRFP4ZKC4SRWJZT&lid=LSTRFRFP4ZKC4SRWJZT7JLUCX&marketplace=FLIPKART&q=fridge&store=j9e%2Fabm%2Fhzg&srno=s_4_96&otracker=search&otracker1=search&fm=organic&iid=842a52e9-c232-4d36-abc0-0be1bdba4d73.RFRFP4ZKC4SRWJZT.SEARCH&ppt=None&ppn=None&ssid=um15ddtn9c0000001667799276164&qH=2be977f3ff92dd10,2022-11-07 11:04:46.260745+05:30
THJEQ04R,Whirlpool 190 L Direct Cool Single Door 2 Star Refrigerator,12990,15600,16% off,37835,3499,4.3,"['Normal Compressor', 'Built-in Stabilizer', '1 Year on Product and 10 Years on Compressor from Whirlpool']",https://www.flipkart.com/whirlpool-190-l-direct-cool-single-door-2-star-refrigerator/p/itmf6b4c3749b7e4?pid=RFRFZGFAGZUJTXWF&lid=LSTRFRFZGFAGZUJTXWFPDDAKA&marketplace=FLIPKART&q=fridge&store=j9e%2Fabm%2Fhzg&srno=s_5_97&otracker=search&otracker1=search&fm=organic&iid=en_oYjr9m5GSso6JJkButVPA5zGMMqUDutQvmRtaalnUh0p7OFEEiYQ0YG3giDg0CgSUxBERcvvxLbebUgcQtk5mQ%3D%3D&ppt=None&ppn=None&ssid=ynx84nif9c0000001667799287506&qH=2be977f3ff92dd10,2022-11-07 11:04:47.424544+05:30
A52FYTLN,Whirlpool 190 L Direct Cool Single Door 3 Star Refrigerator with Base Drawer,16340,20450,20% off,820,91,4.3,"['Non Inverter Compressor', 'Built-in Stabilizer', '1 Year on Product and 10 Years on Compressor from Whirlpool']",https://www.flipkart.com/whirlpool-190-l-direct-cool-single-door-3-star-refrigerator-base-drawer/p/itm495a967730b3c?pid=RFRG4XR6ZDXBEMZR&lid=LSTRFRG4XR6ZDXBEMZRXQJ2DZ&marketplace=FLIPKART&q=fridge&store=j9e%2Fabm%2Fhzg&srno=s_5_98&otracker=search&otracker1=search&fm=organic&iid=en_oYjr9m5GSso6JJkButVPA5zGMMqUDutQvmRtaalnUh3THwUyJuzQSS0d%2FggGf%2FVyCik8178uFvOyLd%2F99yHoOg%3D%3D&ppt=None&ppn=None&ssid=ynx84nif9c0000001667799287506&qH=2be977f3ff92dd10,2022-11-07 11:04:47.724322+05:30
WEH2A7UE,LG 260 L Frost Free Double Door 2 Star Convertible Refrigerator  with Convertible Refrigerator,25490,33299,23% off,1002,84,4.4,"['Smart Inverter Compressor', 'Built-in Stabilizer', '1 Year on Product and 10 Years on Compressor From LG']",https://www.flipkart.com/lg-260-l-frost-free-double-door-2-star-convertible-refrigerator/p/itm283448defc119?pid=RFRFPHH7WXMP36ZF&lid=LSTRFRFPHH7WXMP36ZFEOZAVP&marketplace=FLIPKART&q=fridge&store=j9e%2Fabm%2Fhzg&srno=s_5_99&otracker=search&otracker1=search&fm=organic&iid=5fd97b49-5774-45cc-8aac-375791edc756.RFRFPHH7WXMP36ZF.SEARCH&ppt=None&ppn=None&ssid=ynx84nif9c0000001667799287506&qH=2be977f3ff92dd10,2022-11-07 11:04:48.013048+05:30
79MDHJTH,SAMSUNG 192 L Direct Cool Single Door 3 Star Refrigerator with Base Drawer,16090,18990,15% off,19445,2017,4.4,"['Digital Inverter Compressor', 'Built-in Stabilizer', '1 Year on Product and 10 Years on Compressor From Samsung']",https://www.flipkart.com/samsung-192-l-direct-cool-single-door-3-star-refrigerator-base-drawer/p/itme1243e4832802?pid=RFRFZFFWEYZXHZWF&lid=LSTRFRFZFFWEYZXHZWFX8DNFY&marketplace=FLIPKART&q=fridge&store=j9e%2Fabm%2Fhzg&srno=s_5_100&otracker=search&otracker1=search&fm=organic&iid=5fd97b49-5774-45cc-8aac-375791edc756.RFRFZFFWEYZXHZWF.SEARCH&ppt=None&ppn=None&ssid=ynx84nif9c0000001667799287506&qH=2be977f3ff92dd10,2022-11-07 11:04:48.316241+05:30
R2CJTHMR,Whirlpool 190 L Direct Cool Single Door 2 Star Refrigerator,13540,15900,14% off,37835,3499,4.3,"['Normal Compressor', 'Built-in Stabilizer', '1 Year on Product and 10 Years on Compressor from Whirlpool']",https://www.flipkart.com/whirlpool-190-l-direct-cool-single-door-2-star-refrigerator/p/itm23de1846cafca?pid=RFRFZGFANZJHN6SB&lid=LSTRFRFZGFANZJHN6SBRJ24IH&marketplace=FLIPKART&q=fridge&store=j9e%2Fabm%2Fhzg&srno=s_5_101&otracker=search&otracker1=search&fm=organic&iid=en_oYjr9m5GSso6JJkButVPA5zGMMqUDutQvmRtaalnUh04Gc%2BshFWet3AY%2BZvFKdEefG1q4G8NhosLJpsjXdZLzg%3D%3D&ppt=None&ppn=None&ssid=ynx84nif9c0000001667799287506&qH=2be977f3ff92dd10,2022-11-07 11:04:48.612681+05:30
66SQO1HM,Whirlpool 190 L Direct Cool Single Door 3 Star Refrigerator with Base Drawer,16340,19500,16% off,444,34,4.3,"['Non Inverter Compressor', 'Built-in Stabilizer', '1 Year on Product and 10 Years on Compressor from Whirlpool']",https://www.flipkart.com/whirlpool-190-l-direct-cool-single-door-3-star-refrigerator-base-drawer/p/itmd625ad7498750?pid=RFRG4XR6FXK3XANH&lid=LSTRFRG4XR6FXK3XANH2QMZGI&marketplace=FLIPKART&q=fridge&store=j9e%2Fabm%2Fhzg&srno=s_5_102&otracker=search&otracker1=search&fm=organic&iid=en_oYjr9m5GSso6JJkButVPA5zGMMqUDutQvmRtaalnUh2wH4ZTc4QjTbVLU0ftWOIYMGzOfXGzGk9IKwrcXp9P4A%3D%3D&ppt=None&ppn=None&ssid=ynx84nif9c0000001667799287506&qH=2be977f3ff92dd10,2022-11-07 11:04:49.005745+05:30
A2N7HON4,LG 215 L Direct Cool Single Door 4 Star Refrigerator,19590,22490,12% off,1379,125,4.5,"['Inverter Compressor', 'Built-in Stabilizer', '1 Year on Refrigerator Unit and 10 Years on Compressor from LG']",https://www.flipkart.com/lg-215-l-direct-cool-single-door-4-star-refrigerator/p/itm5fb0d9a21862a?pid=RFRFZSH9XWFGAGYS&lid=LSTRFRFZSH9XWFGAGYS2YAFYH&marketplace=FLIPKART&q=fridge&store=j9e%2Fabm%2Fhzg&srno=s_5_103&otracker=search&otracker1=search&fm=organic&iid=5fd97b49-5774-45cc-8aac-375791edc756.RFRFZSH9XWFGAGYS.SEARCH&ppt=None&ppn=None&ssid=ynx84nif9c0000001667799287506&qH=2be977f3ff92dd10,2022-11-07 11:04:49.316722+05:30
XACJX82A,Godrej 190 L Direct Cool Single Door 5 Star Refrigerator  with Base Drawer and Intelligent Inverter Co...,17190,19990,14% off,4963,575,4.4,"['Hygiene Plus Inverter Compressor', 'Built-in Stabilizer', '1 Year Warranty on Product and 10 Years Warranty on Compressor from Godrej']",https://www.flipkart.com/godrej-190-l-direct-cool-single-door-5-star-refrigerator-base-drawer-intelligent-inverter-compressor/p/itmdcf9caa804502?pid=RFRFRZ244DP9QJYJ&lid=LSTRFRFRZ244DP9QJYJYIPEA5&marketplace=FLIPKART&q=fridge&store=j9e%2Fabm%2Fhzg&spotlightTagId=TrendingId_j9e%2Fabm%2Fhzg&srno=s_5_104&otracker=search&otracker1=search&fm=organic&iid=5fd97b49-5774-45cc-8aac-375791edc756.RFRFRZ244DP9QJYJ.SEARCH&ppt=None&ppn=None&ssid=ynx84nif9c0000001667799287506&qH=2be977f3ff92dd10,2022-11-07 11:04:49.755559+05:30
TY3Z6S45,Whirlpool 190 L Direct Cool Single Door 2 Star Refrigerator,14240,17150,16% off,6462,529,4.3,"['Normal Compressor', 'Built-in Stabilizer', '1 Year on Product and 10 Years on the Compressor']",https://www.flipkart.com/whirlpool-190-l-direct-cool-single-door-2-star-refrigerator/p/itm36890c6a9cff5?pid=RFRGAD5H2ZQ9NUMD&lid=LSTRFRGAD5H2ZQ9NUMDKUCZEX&marketplace=FLIPKART&q=fridge&store=j9e%2Fabm%2Fhzg&srno=s_5_105&otracker=search&otracker1=search&fm=organic&iid=5fd97b49-5774-45cc-8aac-375791edc756.RFRGAD5H2ZQ9NUMD.SEARCH&ppt=None&ppn=None&ssid=ynx84nif9c0000001667799287506&qH=2be977f3ff92dd10,2022-11-07 11:04:50.113981+05:30
P7CUSJKB,LG 190 L Direct Cool Single Door 4 Star Refrigerator with Base Drawer,17190,18990,9% off,35828,3461,4.4,"['Smart Inverter Compressor', 'Built-in Stabilizer', '1 Year on Product and 10 Years on Compressor From LG']",https://www.flipkart.com/lg-190-l-direct-cool-single-door-4-star-refrigerator-base-drawer/p/itm5a4791ce01dcd?pid=RFRFGYGHU7AJETNZ&lid=LSTRFRFGYGHU7AJETNZ0G7T8G&marketplace=FLIPKART&q=fridge&store=j9e%2Fabm%2Fhzg&srno=s_5_106&otracker=search&otracker1=search&fm=organic&iid=5fd97b49-5774-45cc-8aac-375791edc756.RFRFGYGHU7AJETNZ.SEARCH&ppt=None&ppn=None&ssid=ynx84nif9c0000001667799287506&qH=2be977f3ff92dd10,2022-11-07 11:04:50.420998+05:30
HNZ7R30J,Whirlpool 190 L Direct Cool Single Door 2 Star Refrigerator,13540,16500,17% off,37835,3499,4.3,"['Normal Compressor', 'Built-in Stabilizer', '1 Year on Product and 10 Years on Compressor from Whirlpool']",https://www.flipkart.com/whirlpool-190-l-direct-cool-single-door-2-star-refrigerator/p/itm823c53fcf0200?pid=RFRFZGFADYS3UTBG&lid=LSTRFRFZGFADYS3UTBGFVSNUE&marketplace=FLIPKART&q=fridge&store=j9e%2Fabm%2Fhzg&srno=s_5_107&otracker=search&otracker1=search&fm=organic&iid=en_oYjr9m5GSso6JJkButVPA5zGMMqUDutQvmRtaalnUh125mqwnsCJBYEWG1pUbkqL6VmDAgCf6DMckC1h3ZnRZg%3D%3D&ppt=None&ppn=None&ssid=ynx84nif9c0000001667799287506&qH=2be977f3ff92dd10,2022-11-07 11:04:50.737588+05:30
0AVKS96X,Whirlpool 190 L Direct Cool Single Door 3 Star Refrigerator,15340,18000,14% off,622,47,4.3,"['Non Inverter Compressor', 'Built-in Stabilizer', '1 Year on Product and 10 Years on Compressor from Whirlpool']",https://www.flipkart.com/whirlpool-190-l-direct-cool-single-door-3-star-refrigerator/p/itmc4870feb17803?pid=RFRG4XR689KTY9QT&lid=LSTRFRG4XR689KTY9QTJUWMVD&marketplace=FLIPKART&q=fridge&store=j9e%2Fabm%2Fhzg&srno=s_5_108&otracker=search&otracker1=search&fm=organic&iid=en_oYjr9m5GSso6JJkButVPA5zGMMqUDutQvmRtaalnUh1FfLYE6MTTYe%2BUAmd8iwMeSnPWXWX2eFur1r0QMwaKtQ%3D%3D&ppt=None&ppn=None&ssid=ynx84nif9c0000001667799287506&qH=2be977f3ff92dd10,2022-11-07 11:04:51.108957+05:30
CF7QMAR6,realme TechLife 338 L Frost Free Double Door 3 Star Refrigerator,25990,44490,41% off,622,105,4.3,"['Inverter Compressor', 'Built-in Stabilizer', '1 Year Warranty on Product and 10 Years on Compressor']",https://www.flipkart.com/realme-techlife-338-l-frost-free-double-door-3-star-refrigerator/p/itme18a32e46cc97?pid=RFRGCYFS3V5TXFUY&lid=LSTRFRGCYFS3V5TXFUYNBA6NT&marketplace=FLIPKART&q=fridge&store=j9e%2Fabm%2Fhzg&srno=s_5_109&otracker=search&otracker1=search&fm=organic&iid=5fd97b49-5774-45cc-8aac-375791edc756.RFRGCYFS3V5TXFUY.SEARCH&ppt=None&ppn=None&ssid=ynx84nif9c0000001667799287506&qH=2be977f3ff92dd10,2022-11-07 11:04:51.974569+05:30
JAYFM35L,Whirlpool 200 L Direct Cool Single Door 3 Star Refrigerator with Base Drawer,16756,20881,19% off,9500,1076,4.4,"['Normal Compressor', 'Built-in Stabilizer', '1 Year on Product, 10 Years on Compressor']",https://www.flipkart.com/whirlpool-200-l-direct-cool-single-door-3-star-refrigerator-base-drawer/p/itm731fc58bf3a88?pid=RFRFQ4EBVWYCVNAU&lid=LSTRFRFQ4EBVWYCVNAUOVB8ZX&marketplace=FLIPKART&q=fridge&store=j9e%2Fabm%2Fhzg&srno=s_5_110&otracker=search&otracker1=search&fm=organic&iid=5fd97b49-5774-45cc-8aac-375791edc756.RFRFQ4EBVWYCVNAU.SEARCH&ppt=None&ppn=None&ssid=ynx84nif9c0000001667799287506&qH=2be977f3ff92dd10,2022-11-07 11:04:52.844718+05:30
7ITFPW6O,Whirlpool 190 L Direct Cool Single Door 3 Star Refrigerator,15340,17600,12% off,1327,122,4.2,"['Non Inverter Compressor', 'Built-in Stabilizer', '1 Year on Product and 10 Years on Compressor from Whirlpool']",https://www.flipkart.com/whirlpool-190-l-direct-cool-single-door-3-star-refrigerator/p/itm600cc6ce9ae49?pid=RFRG4XR6QNSM6X5H&lid=LSTRFRG4XR6QNSM6X5HUWM1ZO&marketplace=FLIPKART&q=fridge&store=j9e%2Fabm%2Fhzg&srno=s_5_111&otracker=search&otracker1=search&fm=organic&iid=en_oYjr9m5GSso6JJkButVPA5zGMMqUDutQvmRtaalnUh0J3zvOfru7a%2F9lmXV89Joh3RgyFZzsE5Uq1sCzOjbMWg%3D%3D&ppt=None&ppn=None&ssid=ynx84nif9c0000001667799287506&qH=2be977f3ff92dd10,2022-11-07 11:04:53.156454+05:30
137RMOIA,Whirlpool 190 L Direct Cool Single Door 3 Star Refrigerator,14640,17000,13% off,37835,3499,4.3,"['Normal Compressor', 'Built-in Stabilizer', '1 Year on Product and 10 Years on Compressor from Whirlpool']",https://www.flipkart.com/whirlpool-190-l-direct-cool-single-door-3-star-refrigerator/p/itmafa0a476dffe1?pid=RFRFZGFAHQ7VQXZF&lid=LSTRFRFZGFAHQ7VQXZFLUB4OV&marketplace=FLIPKART&q=fridge&store=j9e%2Fabm%2Fhzg&srno=s_5_112&otracker=search&otracker1=search&fm=organic&iid=en_oYjr9m5GSso6JJkButVPA5zGMMqUDutQvmRtaalnUh3LuRGp84NYZ1XIbCoBVFMC9id%2Byr2a%2Frjl%2FtNWn3LZxQ%3D%3D&ppt=None&ppn=None&ssid=ynx84nif9c0000001667799287506&qH=2be977f3ff92dd10,2022-11-07 11:04:53.467380+05:30
GYB3YC6Z,SAMSUNG 394 L Frost Free Double Door 2 Star Convertible Refrigerator,38290,55990,31% off,8,1,4.8,"['Digital Inverter Compressor', 'Built-in Stabilizer', '1 Year Warranty on Product, 10 Years Warranty on Compressor']",https://www.flipkart.com/samsung-394-l-frost-free-double-door-2-star-convertible-refrigerator/p/itmea4434add4ea1?pid=RFRGFJT2XUN5RAMK&lid=LSTRFRGFJT2XUN5RAMKNGJW5H&marketplace=FLIPKART&q=fridge&store=j9e%2Fabm%2Fhzg&srno=s_5_113&otracker=search&otracker1=search&fm=organic&iid=5fd97b49-5774-45cc-8aac-375791edc756.RFRGFJT2XUN5RAMK.SEARCH&ppt=None&ppn=None&ssid=ynx84nif9c0000001667799287506&qH=2be977f3ff92dd10,2022-11-07 11:04:54.284545+05:30
1L9OTROS,Haier 630 L Frost Free Side by Side Convertible Refrigerator,69990,131900,46% off,67,7,4.3,"['Inverter Compressor', 'Built-in Stabilizer', '1 Year on Product and 10 Years on Compressor']",https://www.flipkart.com/haier-630-l-frost-free-side-convertible-refrigerator/p/itm01cf776846b89?pid=RFRGGVWZVYFWZWXG&lid=LSTRFRGGVWZVYFWZWXGKH5NRK&marketplace=FLIPKART&q=fridge&store=j9e%2Fabm%2Fhzg&srno=s_5_114&otracker=search&otracker1=search&fm=organic&iid=5fd97b49-5774-45cc-8aac-375791edc756.RFRGGVWZVYFWZWXG.SEARCH&ppt=None&ppn=None&ssid=ynx84nif9c0000001667799287506&qH=2be977f3ff92dd10,2022-11-07 11:04:54.591510+05:30
FYTYESVN,Haier 346 L Frost Free Double Door 3 Star Convertible Refrigerator,36490,54600,33% off,733,104,4.5,"['Inverter Compressor', '1 Year Warranty on Product and 10 Years on Compressor Warranty from Haier']",https://www.flipkart.com/haier-346-l-frost-free-double-door-3-star-convertible-refrigerator/p/itm6fd268dd8cee4?pid=RFRGF8GEEZWAJ6SJ&lid=LSTRFRGF8GEEZWAJ6SJR0H7UD&marketplace=FLIPKART&q=fridge&store=j9e%2Fabm%2Fhzg&srno=s_5_115&otracker=search&otracker1=search&fm=organic&iid=5fd97b49-5774-45cc-8aac-375791edc756.RFRGF8GEEZWAJ6SJ.SEARCH&ppt=None&ppn=None&ssid=ynx84nif9c0000001667799287506&qH=2be977f3ff92dd10,2022-11-07 11:04:54.923742+05:30
Q1132LK2,realme TechLife 631 L Frost Free Side by Side Refrigerator,69990,99990,30% off,9,2,4.3,"['Advanced Inverter Compressor', 'Built-in Stabilizer', '1 Year Warranty on Product and 10 Years on Compressor']",https://www.flipkart.com/realme-techlife-631-l-frost-free-side-refrigerator/p/itm497f00426c8e3?pid=RFRGE85MZPZ4N2SV&lid=LSTRFRGE85MZPZ4N2SVOB3ATL&marketplace=FLIPKART&q=fridge&store=j9e%2Fabm%2Fhzg&srno=s_5_116&otracker=search&otracker1=search&fm=organic&iid=5fd97b49-5774-45cc-8aac-375791edc756.RFRGE85MZPZ4N2SV.SEARCH&ppt=None&ppn=None&ssid=ynx84nif9c0000001667799287506&qH=2be977f3ff92dd10,2022-11-07 11:04:55.227762+05:30
QKAV65J1,Whirlpool 190 L Direct Cool Single Door 3 Star Refrigerator,14640,18700,21% off,37835,3499,4.3,"['Normal Compressor', 'Built-in Stabilizer', '1 Year on Product and 10 Years on Compressor from Whirlpool']",https://www.flipkart.com/whirlpool-190-l-direct-cool-single-door-3-star-refrigerator/p/itm94a1658747a65?pid=RFRFZGFAFJAANRWP&lid=LSTRFRFZGFAFJAANRWPKN0PYK&marketplace=FLIPKART&q=fridge&store=j9e%2Fabm%2Fhzg&srno=s_5_117&otracker=search&otracker1=search&fm=organic&iid=en_oYjr9m5GSso6JJkButVPA5zGMMqUDutQvmRtaalnUh2DzsSwVAiCHcHoXZH8YPt8Q99ZbiOJ%2Bg96C1A41aEjrQ%3D%3D&ppt=None&ppn=None&ssid=ynx84nif9c0000001667799287506&qH=2be977f3ff92dd10,2022-11-07 11:04:55.541716+05:30
WDF2UO4Z,Whirlpool 190 L Direct Cool Single Door 3 Star Refrigerator,14000,18700,25% off,37835,3499,4.3,"['Normal Compressor', 'Built-in Stabilizer', '1 Year on Product and 10 Years on Compressor from Whirlpool']",https://www.flipkart.com/whirlpool-190-l-direct-cool-single-door-3-star-refrigerator/p/itmf8e85786b09ef?pid=RFRFZGFAMXNUREWN&lid=LSTRFRFZGFAMXNUREWN3V8KEL&marketplace=FLIPKART&q=fridge&store=j9e%2Fabm%2Fhzg&srno=s_5_118&otracker=search&otracker1=search&fm=organic&iid=en_oYjr9m5GSso6JJkButVPA5zGMMqUDutQvmRtaalnUh1vw0gJXKU43jAlxFlFUwTGMS96o%2BR53YD60lqIk4fxYw%3D%3D&ppt=None&ppn=None&ssid=ynx84nif9c0000001667799287506&qH=2be977f3ff92dd10,2022-11-07 11:04:55.851306+05:30
DZIWDCB3,Godrej 255 L Frost Free Double Door 2 Star Refrigerator,21990,27000,18% off,739,79,4.3,"['Inverter Compressor', 'Built-in Stabilizer', '1 Year Comprehensive Warranty on Product and 10 Years Warranty on Compressor']",https://www.flipkart.com/godrej-255-l-frost-free-double-door-2-star-refrigerator/p/itm1ad859d31fa25?pid=RFRGGMZQJWQJAHCT&lid=LSTRFRGGMZQJWQJAHCTLYRJES&marketplace=FLIPKART&q=fridge&store=j9e%2Fabm%2Fhzg&srno=s_5_119&otracker=search&otracker1=search&fm=organic&iid=5fd97b49-5774-45cc-8aac-375791edc756.RFRGGMZQJWQJAHCT.SEARCH&ppt=None&ppn=None&ssid=ynx84nif9c0000001667799287506&qH=2be977f3ff92dd10,2022-11-07 11:04:56.660650+05:30
EE9LWECN,SAMSUNG 253 L Frost Free Double Door 2 Star Refrigerator,22400,23990,6% off,21,2,4.4,"['Digital Inverter Compressor', 'Built-in Stabilizer', '1 Year Warranty on Product and 10 Years on Compressor from Samsung']",https://www.flipkart.com/samsung-253-l-frost-free-double-door-2-star-refrigerator/p/itm81191e59dac2c?pid=RFRG49A7GYRCAMFB&lid=LSTRFRG49A7GYRCAMFBYYND2O&marketplace=FLIPKART&q=fridge&store=j9e%2Fabm%2Fhzg&srno=s_5_120&otracker=search&otracker1=search&fm=organic&iid=5fd97b49-5774-45cc-8aac-375791edc756.RFRG49A7GYRCAMFB.SEARCH&ppt=None&ppn=None&ssid=ynx84nif9c0000001667799287506&qH=2be977f3ff92dd10,2022-11-07 11:04:56.976672+05:30
94O7NH7M,Whirlpool 190 L Direct Cool Single Door 2 Star Refrigerator,12990,15600,16% off,37835,3499,4.3,"['Normal Compressor', 'Built-in Stabilizer', '1 Year on Product and 10 Years on Compressor from Whirlpool']",https://www.flipkart.com/whirlpool-190-l-direct-cool-single-door-2-star-refrigerator/p/itmf6b4c3749b7e4?pid=RFRFZGFAGZUJTXWF&lid=LSTRFRFZGFAGZUJTXWFPDDAKA&marketplace=FLIPKART&q=fridge&store=j9e%2Fabm%2Fhzg&srno=s_6_121&otracker=search&otracker1=search&fm=organic&iid=en_sug7e%2BB8uTtjMY2jx2PSSachEGkpcwwLSRVaoaGLpaHme%2BiqPi6dqlPFAht9JUNAUxBERcvvxLbebUgcQtk5mQ%3D%3D&ppt=None&ppn=None&ssid=8s808thnqo0000001667799298269&qH=2be977f3ff92dd10,2022-11-07 11:04:58.189733+05:30
27DPQ87P,Whirlpool 190 L Direct Cool Single Door 3 Star Refrigerator with Base Drawer,16340,20450,20% off,820,91,4.3,"['Non Inverter Compressor', 'Built-in Stabilizer', '1 Year on Product and 10 Years on Compressor from Whirlpool']",https://www.flipkart.com/whirlpool-190-l-direct-cool-single-door-3-star-refrigerator-base-drawer/p/itm495a967730b3c?pid=RFRG4XR6ZDXBEMZR&lid=LSTRFRG4XR6ZDXBEMZRXQJ2DZ&marketplace=FLIPKART&q=fridge&store=j9e%2Fabm%2Fhzg&srno=s_6_122&otracker=search&otracker1=search&fm=organic&iid=en_sug7e%2BB8uTtjMY2jx2PSSachEGkpcwwLSRVaoaGLpaHKuC%2FtrN9GB3NdTxM5ZyM1Cik8178uFvOyLd%2F99yHoOg%3D%3D&ppt=None&ppn=None&ssid=8s808thnqo0000001667799298269&qH=2be977f3ff92dd10,2022-11-07 11:04:58.490984+05:30
17VVNSVL,LG 260 L Frost Free Double Door 2 Star Refrigerator,26490,33299,20% off,46,1,4.2,"['Smart Inverter Compressor', 'Built-in Stabilizer', '1 Year Warranty on Product and 10 Years Warranty on Compressor from LG']",https://www.flipkart.com/lg-260-l-frost-free-double-door-2-star-refrigerator/p/itma4102c9f275ab?pid=RFRGGHUCVWTQRPGF&lid=LSTRFRGGHUCVWTQRPGFKU1KOC&marketplace=FLIPKART&q=fridge&store=j9e%2Fabm%2Fhzg&srno=s_6_123&otracker=search&otracker1=search&fm=organic&iid=a40e96e7-dede-400f-8669-b0ca60ace164.RFRGGHUCVWTQRPGF.SEARCH&ppt=None&ppn=None&ssid=8s808thnqo0000001667799298269&qH=2be977f3ff92dd10,2022-11-07 11:04:59.213570+05:30
O11BUFMN,Haier 195 L Direct Cool Single Door 5 Star Refrigerator with Base Drawer,18499,30400,39% off,4,0,4,"['Reciprocatory Compressor', 'Built-in Stabilizer', '1  Year Warranty on Product and 10 Years Warranty on Compressor from Haier']",https://www.flipkart.com/haier-195-l-direct-cool-single-door-5-star-refrigerator-base-drawer/p/itmf9e87c1f582d4?pid=RFRGJYGGGG3ZZ2GP&lid=LSTRFRGJYGGGG3ZZ2GP3IU8BK&marketplace=FLIPKART&q=fridge&store=j9e%2Fabm%2Fhzg&srno=s_6_124&otracker=search&otracker1=search&fm=organic&iid=a40e96e7-dede-400f-8669-b0ca60ace164.RFRGJYGGGG3ZZ2GP.SEARCH&ppt=None&ppn=None&ssid=8s808thnqo0000001667799298269&qH=2be977f3ff92dd10,2022-11-07 11:04:59.991676+05:30
QO5XDFWM,LG 360 L Frost Free Double Door 2 Star Convertible Refrigerator  with Smart Inverter With Multi Air Fl...,39990,53899,25% off,80,11,4.3,"['Smart Inverter Compressor', 'Built-in Stabilizer', '1 Year Warranty on Product and 10 Years Warranty on Compressor From LG']",https://www.flipkart.com/lg-360-l-frost-free-double-door-2-star-convertible-refrigerator-smart-inverter-multi-air-flow-cooling-connect-deodorizer/p/itm823d53f4c68bd?pid=RFRGG46SCK9VGYKX&lid=LSTRFRGG46SCK9VGYKX7FKMN5&marketplace=FLIPKART&q=fridge&store=j9e%2Fabm%2Fhzg&srno=s_6_125&otracker=search&otracker1=search&fm=organic&iid=a40e96e7-dede-400f-8669-b0ca60ace164.RFRGG46SCK9VGYKX.SEARCH&ppt=None&ppn=None&ssid=8s808thnqo0000001667799298269&qH=2be977f3ff92dd10,2022-11-07 11:05:00.296735+05:30
ELEQXZZ8,Haier 190 L Direct Cool Single Door 2 Star Refrigerator with Base Drawer,14999,24000,37% off,3,0,4.7,"['Reciprocatory Compressor', 'Built-in Stabilizer', '1 Year Warranty on Product and 10 Years Warranty on Compressor']",https://www.flipkart.com/haier-190-l-direct-cool-single-door-2-star-refrigerator-base-drawer/p/itm91996c44c7bb2?pid=RFRGGSH53XHYEXPH&lid=LSTRFRGGSH53XHYEXPHC2NDLI&marketplace=FLIPKART&q=fridge&store=j9e%2Fabm%2Fhzg&srno=s_6_126&otracker=search&otracker1=search&fm=organic&iid=a40e96e7-dede-400f-8669-b0ca60ace164.RFRGGSH53XHYEXPH.SEARCH&ppt=None&ppn=None&ssid=8s808thnqo0000001667799298269&qH=2be977f3ff92dd10,2022-11-07 11:05:01.086270+05:30
5MTC567O,Whirlpool 190 L Direct Cool Single Door 2 Star Refrigerator,13540,15900,14% off,37835,3499,4.3,"['Normal Compressor', 'Built-in Stabilizer', '1 Year on Product and 10 Years on Compressor from Whirlpool']",https://www.flipkart.com/whirlpool-190-l-direct-cool-single-door-2-star-refrigerator/p/itm23de1846cafca?pid=RFRFZGFANZJHN6SB&lid=LSTRFRFZGFANZJHN6SBRJ24IH&marketplace=FLIPKART&q=fridge&store=j9e%2Fabm%2Fhzg&srno=s_6_127&otracker=search&otracker1=search&fm=organic&iid=en_sug7e%2BB8uTtjMY2jx2PSSachEGkpcwwLSRVaoaGLpaE1k8AlDUL3CeqZv8IEKFH7fG1q4G8NhosLJpsjXdZLzg%3D%3D&ppt=None&ppn=None&ssid=8s808thnqo0000001667799298269&qH=2be977f3ff92dd10,2022-11-07 11:05:01.376838+05:30
8C4CQPKI,Whirlpool 190 L Direct Cool Single Door 3 Star Refrigerator with Base Drawer,16340,19500,16% off,444,34,4.3,"['Non Inverter Compressor', 'Built-in Stabilizer', '1 Year on Product and 10 Years on Compressor from Whirlpool']",https://www.flipkart.com/whirlpool-190-l-direct-cool-single-door-3-star-refrigerator-base-drawer/p/itmd625ad7498750?pid=RFRG4XR6FXK3XANH&lid=LSTRFRG4XR6FXK3XANH2QMZGI&marketplace=FLIPKART&q=fridge&store=j9e%2Fabm%2Fhzg&srno=s_6_128&otracker=search&otracker1=search&fm=organic&iid=en_sug7e%2BB8uTtjMY2jx2PSSachEGkpcwwLSRVaoaGLpaGps4uNFY%2FFjtMMwpKFsep0MGzOfXGzGk9IKwrcXp9P4A%3D%3D&ppt=None&ppn=None&ssid=8s808thnqo0000001667799298269&qH=2be977f3ff92dd10,2022-11-07 11:05:01.707729+05:30
LI821L0V,SAMSUNG 192 L Direct Cool Single Door 2 Star Refrigerator,15873,17616,9% off,19,2,4.4,"['Linear Compressor', 'Built-in Stabilizer', '1 Year on Product and 10 Years on Compressor From Samsung']",https://www.flipkart.com/samsung-192-l-direct-cool-single-door-2-star-refrigerator/p/itm02b96055b3e14?pid=RFRFZKEURGQFGZRG&lid=LSTRFRFZKEURGQFGZRGU1WD9M&marketplace=FLIPKART&q=fridge&store=j9e%2Fabm%2Fhzg&srno=s_6_129&otracker=search&otracker1=search&fm=organic&iid=a40e96e7-dede-400f-8669-b0ca60ace164.RFRFZKEURGQFGZRG.SEARCH&ppt=None&ppn=None&ssid=8s808thnqo0000001667799298269&qH=2be977f3ff92dd10,2022-11-07 11:05:02.071279+05:30
R2CPE04J,SAMSUNG 192 L Direct Cool Single Door 3 Star Refrigerator with Base Drawer,16853,19778,14% off,67,4,4.3,"['Digital Inverter Compressor', 'Built-in Stabilizer', '1 Year Warranty on Product and 10 Years on Compressor from Samsung']",https://www.flipkart.com/samsung-192-l-direct-cool-single-door-3-star-refrigerator-base-drawer/p/itm083b38daea5b0?pid=RFRFZKEUYPU5JTSR&lid=LSTRFRFZKEUYPU5JTSR2MISTZ&marketplace=FLIPKART&q=fridge&store=j9e%2Fabm%2Fhzg&srno=s_6_130&otracker=search&otracker1=search&fm=organic&iid=a40e96e7-dede-400f-8669-b0ca60ace164.RFRFZKEUYPU5JTSR.SEARCH&ppt=None&ppn=None&ssid=8s808thnqo0000001667799298269&qH=2be977f3ff92dd10,2022-11-07 11:05:03.030481+05:30
T6DO0MNL,Whirlpool 190 L Direct Cool Single Door 2 Star Refrigerator,13540,16500,17% off,37835,3499,4.3,"['Normal Compressor', 'Built-in Stabilizer', '1 Year on Product and 10 Years on Compressor from Whirlpool']",https://www.flipkart.com/whirlpool-190-l-direct-cool-single-door-2-star-refrigerator/p/itm823c53fcf0200?pid=RFRFZGFADYS3UTBG&lid=LSTRFRFZGFADYS3UTBGFVSNUE&marketplace=FLIPKART&q=fridge&store=j9e%2Fabm%2Fhzg&srno=s_6_131&otracker=search&otracker1=search&fm=organic&iid=en_sug7e%2BB8uTtjMY2jx2PSSachEGkpcwwLSRVaoaGLpaHvvO2OspyQKn8dSHEp7sEK6VmDAgCf6DMckC1h3ZnRZg%3D%3D&ppt=None&ppn=None&ssid=8s808thnqo0000001667799298269&qH=2be977f3ff92dd10,2022-11-07 11:05:03.323706+05:30
SHTSNYC7,Whirlpool 190 L Direct Cool Single Door 3 Star Refrigerator,15340,18000,14% off,622,47,4.3,"['Non Inverter Compressor', 'Built-in Stabilizer', '1 Year on Product and 10 Years on Compressor from Whirlpool']",https://www.flipkart.com/whirlpool-190-l-direct-cool-single-door-3-star-refrigerator/p/itmc4870feb17803?pid=RFRG4XR689KTY9QT&lid=LSTRFRG4XR689KTY9QTJUWMVD&marketplace=FLIPKART&q=fridge&store=j9e%2Fabm%2Fhzg&srno=s_6_132&otracker=search&otracker1=search&fm=organic&iid=en_sug7e%2BB8uTtjMY2jx2PSSachEGkpcwwLSRVaoaGLpaHBqmGdfXiqclFCTxncYw%2B9SnPWXWX2eFur1r0QMwaKtQ%3D%3D&ppt=None&ppn=None&ssid=8s808thnqo0000001667799298269&qH=2be977f3ff92dd10,2022-11-07 11:05:03.627427+05:30
ZEJIJB2L,Whirlpool 190 L Direct Cool Single Door 3 Star Refrigerator,11500,12660,9% off,18975,2434,4.3,"['Reciprocatory Compressor', 'Built-in Stabilizer', '1 year Warranty on Product and 5 Years Warranty on Compressor from Whirlpool']",https://www.flipkart.com/whirlpool-190-l-direct-cool-single-door-3-star-refrigerator/p/itmeakwtvchcy3kr?pid=RFREAKWTVTP8GFJH&lid=LSTRFREAKWTVTP8GFJHM4LZDJ&marketplace=FLIPKART&q=fridge&store=j9e%2Fabm%2Fhzg&srno=s_6_133&otracker=search&otracker1=search&fm=organic&iid=a40e96e7-dede-400f-8669-b0ca60ace164.RFREAKWTVTP8GFJH.SEARCH&ppt=None&ppn=None&ssid=8s808thnqo0000001667799298269&qH=2be977f3ff92dd10,2022-11-07 11:05:03.989328+05:30
OQ5Y2DE1,"SAMSUNG 220 L Direct Cool Single Door 4 Star Refrigerator with Base Drawer  with Digi Touch Cool, Curd...",21890,25990,15% off,870,132,4.5,"['Digital Inverter Compressor', 'Built-in Stabilizer', '1 Year on Product and 10 Years on Compressor From Samsung']",https://www.flipkart.com/samsung-220-l-direct-cool-single-door-4-star-refrigerator-base-drawer-digi-touch-cool-curd-maestro-bsd/p/itm22fc2f51beb02?pid=RFRFZKEUKDHZ3SKR&lid=LSTRFRFZKEUKDHZ3SKROZDHNB&marketplace=FLIPKART&q=fridge&store=j9e%2Fabm%2Fhzg&srno=s_6_134&otracker=search&otracker1=search&fm=organic&iid=a40e96e7-dede-400f-8669-b0ca60ace164.RFRFZKEUKDHZ3SKR.SEARCH&ppt=None&ppn=None&ssid=8s808thnqo0000001667799298269&qH=2be977f3ff92dd10,2022-11-07 11:05:04.354528+05:30
J3RQ89RI,Haier 630 L Frost Free Side by Side Convertible Refrigerator,71990,131900,45% off,24,3,4.6,"['Inverter Compressor', 'Built-in Stabilizer', '1 Year Warranty on Product and 10 Years Warranty on Compressor']",https://www.flipkart.com/haier-630-l-frost-free-side-convertible-refrigerator/p/itma2b0f771956aa?pid=RFRGGSH5CGZQJH7F&lid=LSTRFRGGSH5CGZQJH7FOESMU0&marketplace=FLIPKART&q=fridge&store=j9e%2Fabm%2Fhzg&srno=s_6_135&otracker=search&otracker1=search&fm=organic&iid=a40e96e7-dede-400f-8669-b0ca60ace164.RFRGGSH5CGZQJH7F.SEARCH&ppt=None&ppn=None&ssid=8s808thnqo0000001667799298269&qH=2be977f3ff92dd10,2022-11-07 11:05:05.228618+05:30
1LVBG9W1,LG 215 L Direct Cool Single Door 3 Star Refrigerator  with Fast Ice Making,18290,24999,26% off,50,3,4.7,"['Reciprocating Compressor', 'Built-in Stabilizer', '1 Year Warranty on Product and 10 Years Warranty on Compressor From LG']",https://www.flipkart.com/lg-215-l-direct-cool-single-door-3-star-refrigerator-fast-ice-making/p/itmba030a0120fac?pid=RFRGGKS3GGACY9JP&lid=LSTRFRGGKS3GGACY9JPOHFAVX&marketplace=FLIPKART&q=fridge&store=j9e%2Fabm%2Fhzg&srno=s_6_136&otracker=search&otracker1=search&fm=organic&iid=a40e96e7-dede-400f-8669-b0ca60ace164.RFRGGKS3GGACY9JP.SEARCH&ppt=None&ppn=None&ssid=8s808thnqo0000001667799298269&qH=2be977f3ff92dd10,2022-11-07 11:05:06.055565+05:30
Y7052HCM,Whirlpool 190 L Direct Cool Single Door 3 Star Refrigerator,15340,17600,12% off,1327,122,4.2,"['Non Inverter Compressor', 'Built-in Stabilizer', '1 Year on Product and 10 Years on Compressor from Whirlpool']",https://www.flipkart.com/whirlpool-190-l-direct-cool-single-door-3-star-refrigerator/p/itm600cc6ce9ae49?pid=RFRG4XR6QNSM6X5H&lid=LSTRFRG4XR6QNSM6X5HUWM1ZO&marketplace=FLIPKART&q=fridge&store=j9e%2Fabm%2Fhzg&srno=s_6_137&otracker=search&otracker1=search&fm=organic&iid=en_sug7e%2BB8uTtjMY2jx2PSSachEGkpcwwLSRVaoaGLpaE0Jdk60zIMxH3XM5R1Mjff3RgyFZzsE5Uq1sCzOjbMWg%3D%3D&ppt=None&ppn=None&ssid=8s808thnqo0000001667799298269&qH=2be977f3ff92dd10,2022-11-07 11:05:06.347276+05:30
A23TEV1U,Whirlpool 190 L Direct Cool Single Door 3 Star Refrigerator,14640,17000,13% off,37835,3499,4.3,"['Normal Compressor', 'Built-in Stabilizer', '1 Year on Product and 10 Years on Compressor from Whirlpool']",https://www.flipkart.com/whirlpool-190-l-direct-cool-single-door-3-star-refrigerator/p/itmafa0a476dffe1?pid=RFRFZGFAHQ7VQXZF&lid=LSTRFRFZGFAHQ7VQXZFLUB4OV&marketplace=FLIPKART&q=fridge&store=j9e%2Fabm%2Fhzg&srno=s_6_138&otracker=search&otracker1=search&fm=organic&iid=en_sug7e%2BB8uTtjMY2jx2PSSachEGkpcwwLSRVaoaGLpaEOwZZ0%2B0gZMiQhNFwZNMy59id%2Byr2a%2Frjl%2FtNWn3LZxQ%3D%3D&ppt=None&ppn=None&ssid=8s808thnqo0000001667799298269&qH=2be977f3ff92dd10,2022-11-07 11:05:06.657701+05:30
H0LN2UD3,LG 408 L Frost Free Double Door 3 Star Convertible Refrigerator  with Smart Inverter with Door Cooling...,51390,64999,20% off,50,6,4.5,"['Smart Inverter Compressor', 'Built-in Stabilizer', '1 Year Warranty on Product and 10 Years Warranty on Compressor From LG']",https://www.flipkart.com/lg-408-l-frost-free-double-door-3-star-convertible-refrigerator-smart-inverter-cooling-wi-fi-hygiene-fresh/p/itma19ec4c81f144?pid=RFRGGHUCGHEYNY9U&lid=LSTRFRGGHUCGHEYNY9ULNATES&marketplace=FLIPKART&q=fridge&store=j9e%2Fabm%2Fhzg&srno=s_6_139&otracker=search&otracker1=search&fm=organic&iid=a40e96e7-dede-400f-8669-b0ca60ace164.RFRGGHUCGHEYNY9U.SEARCH&ppt=None&ppn=None&ssid=8s808thnqo0000001667799298269&qH=2be977f3ff92dd10,2022-11-07 11:05:06.950793+05:30
T6TR6JWJ,Haier 195 L Direct Cool Single Door 5 Star Refrigerator,18900,26700,29% off,34,4,4.1,"['Reciprocatory Compressor', '1  Year Warranty on Product and 10 Years Warranty on Compressor from Haier']",https://www.flipkart.com/haier-195-l-direct-cool-single-door-5-star-refrigerator/p/itm847b739b759dd?pid=RFRG6G9UDFZYS7XY&lid=LSTRFRG6G9UDFZYS7XYVY2ZZG&marketplace=FLIPKART&q=fridge&store=j9e%2Fabm%2Fhzg&srno=s_6_140&otracker=search&otracker1=search&fm=organic&iid=a40e96e7-dede-400f-8669-b0ca60ace164.RFRG6G9UDFZYS7XY.SEARCH&ppt=None&ppn=None&ssid=8s808thnqo0000001667799298269&qH=2be977f3ff92dd10,2022-11-07 11:05:07.300969+05:30
FPFHX6VO,Whirlpool 190 L Direct Cool Single Door 3 Star Refrigerator,14640,18700,21% off,37835,3499,4.3,"['Normal Compressor', 'Built-in Stabilizer', '1 Year on Product and 10 Years on Compressor from Whirlpool']",https://www.flipkart.com/whirlpool-190-l-direct-cool-single-door-3-star-refrigerator/p/itm94a1658747a65?pid=RFRFZGFAFJAANRWP&lid=LSTRFRFZGFAFJAANRWPKN0PYK&marketplace=FLIPKART&q=fridge&store=j9e%2Fabm%2Fhzg&srno=s_6_141&otracker=search&otracker1=search&fm=organic&iid=en_sug7e%2BB8uTtjMY2jx2PSSachEGkpcwwLSRVaoaGLpaHAgC6AhywOLRRY5UasnawtQ99ZbiOJ%2Bg96C1A41aEjrQ%3D%3D&ppt=None&ppn=None&ssid=8s808thnqo0000001667799298269&qH=2be977f3ff92dd10,2022-11-07 11:05:08.089723+05:30
EDS6EHTL,Whirlpool 190 L Direct Cool Single Door 3 Star Refrigerator,14000,18700,25% off,37835,3499,4.3,"['Normal Compressor', 'Built-in Stabilizer', '1 Year on Product and 10 Years on Compressor from Whirlpool']",https://www.flipkart.com/whirlpool-190-l-direct-cool-single-door-3-star-refrigerator/p/itmf8e85786b09ef?pid=RFRFZGFAMXNUREWN&lid=LSTRFRFZGFAMXNUREWN3V8KEL&marketplace=FLIPKART&q=fridge&store=j9e%2Fabm%2Fhzg&srno=s_6_142&otracker=search&otracker1=search&fm=organic&iid=en_sug7e%2BB8uTtjMY2jx2PSSachEGkpcwwLSRVaoaGLpaEssRWSPzCNfo982BmKKYwQMS96o%2BR53YD60lqIk4fxYw%3D%3D&ppt=None&ppn=None&ssid=8s808thnqo0000001667799298269&qH=2be977f3ff92dd10,2022-11-07 11:05:08.458605+05:30
54J0J0II,SAMSUNG 192 L Direct Cool Single Door 3 Star Refrigerator,16480,18490,10% off,52,4,4.5,"['Digital Inverter Compressor', 'Built-in Stabilizer', '1 Year on Product and 10 Years on Compressor From Samsung']",https://www.flipkart.com/samsung-192-l-direct-cool-single-door-3-star-refrigerator/p/itma67d89cc991de?pid=RFRFZKEUZSZZKKSC&lid=LSTRFRFZKEUZSZZKKSCD8IZ8N&marketplace=FLIPKART&q=fridge&store=j9e%2Fabm%2Fhzg&srno=s_6_143&otracker=search&otracker1=search&fm=organic&iid=a40e96e7-dede-400f-8669-b0ca60ace164.RFRFZKEUZSZZKKSC.SEARCH&ppt=None&ppn=None&ssid=8s808thnqo0000001667799298269&qH=2be977f3ff92dd10,2022-11-07 11:05:09.188647+05:30
72R2EODX,LG 260 L Frost Free Double Door 3 Star Convertible Refrigerator,30999,43299,28% off,9,1,4.3,"['Smart Inverter Compressor', 'Built-in Stabilizer', '1 Year Warranty on Product and 10 Years Warranty on Compressor from LG']",https://www.flipkart.com/lg-260-l-frost-free-double-door-3-star-convertible-refrigerator/p/itmdfa07c3f5fa52?pid=RFRG497FNMGRXSSK&lid=LSTRFRG497FNMGRXSSKFALQXB&marketplace=FLIPKART&q=fridge&store=j9e%2Fabm%2Fhzg&srno=s_6_144&otracker=search&otracker1=search&fm=organic&iid=a40e96e7-dede-400f-8669-b0ca60ace164.RFRG497FNMGRXSSK.SEARCH&ppt=None&ppn=None&ssid=8s808thnqo0000001667799298269&qH=2be977f3ff92dd10,2022-11-07 11:05:09.593695+05:30
5PH03SX4,LG 190 L Direct Cool Single Door 3 Star Refrigerator,16490,21199,22% off,57,3,4.4,"['Conventional Compressor', 'Built-in Stabilizer', '1 Year on Product and 10 Years on Compressor From LG']",https://www.flipkart.com/lg-190-l-direct-cool-single-door-3-star-refrigerator/p/itm99143cf07d0c9?pid=RFRGGBF5C8PP9BEF&lid=LSTRFRGGBF5C8PP9BEF14OZKD&marketplace=FLIPKART&q=fridge&store=j9e%2Fabm%2Fhzg&srno=s_7_145&otracker=search&otracker1=search&fm=organic&iid=c38b6d59-4a67-4c95-b335-1782cddad5f9.RFRGGBF5C8PP9BEF.SEARCH&ppt=None&ppn=None&ssid=875qe8jn5s0000001667799310804&qH=2be977f3ff92dd10,2022-11-07 11:05:10.696879+05:30
DT1IO6DP,LG 413 L Frost Free Double Door 3 Star Convertible Refrigerator,46790,62999,25% off,0,0,0,"['Smart Inverter Compressor', 'Built-in Stabilizer', '1 Year Manufacturer Comprehensive Warranty and 10 Years on Compressor']",https://www.flipkart.com/lg-413-l-frost-free-double-door-3-star-convertible-refrigerator/p/itma19ec4c81f144?pid=RFRGDUP8XGKF4ZZ5&lid=LSTRFRGDUP8XGKF4ZZ5MO1BP0&marketplace=FLIPKART&q=fridge&store=j9e%2Fabm%2Fhzg&srno=s_7_146&otracker=search&otracker1=search&fm=organic&iid=c38b6d59-4a67-4c95-b335-1782cddad5f9.RFRGDUP8XGKF4ZZ5.SEARCH&ppt=None&ppn=None&ssid=875qe8jn5s0000001667799310804&qH=2be977f3ff92dd10,2022-11-07 11:05:11.002058+05:30
RIAHWI58,Whirlpool 190 L Direct Cool Single Door 2 Star Refrigerator,12990,15600,16% off,37835,3499,4.3,"['Normal Compressor', 'Built-in Stabilizer', '1 Year on Product and 10 Years on Compressor from Whirlpool']",https://www.flipkart.com/whirlpool-190-l-direct-cool-single-door-2-star-refrigerator/p/itmf6b4c3749b7e4?pid=RFRFZGFAGZUJTXWF&lid=LSTRFRFZGFAGZUJTXWFPDDAKA&marketplace=FLIPKART&q=fridge&store=j9e%2Fabm%2Fhzg&srno=s_7_147&otracker=search&otracker1=search&fm=organic&iid=en_10Gxn56%2BRTRG3LXQLtKL4%2BxS0n8%2FzmkkUtNaSDVzkAhK7429Q2Ljw%2FNg8D7xnPNTUxBERcvvxLbebUgcQtk5mQ%3D%3D&ppt=None&ppn=None&ssid=875qe8jn5s0000001667799310804&qH=2be977f3ff92dd10,2022-11-07 11:05:11.325532+05:30
9XOHDVC9,Whirlpool 190 L Direct Cool Single Door 3 Star Refrigerator with Base Drawer,16340,20450,20% off,820,91,4.3,"['Non Inverter Compressor', 'Built-in Stabilizer', '1 Year on Product and 10 Years on Compressor from Whirlpool']",https://www.flipkart.com/whirlpool-190-l-direct-cool-single-door-3-star-refrigerator-base-drawer/p/itm495a967730b3c?pid=RFRG4XR6ZDXBEMZR&lid=LSTRFRG4XR6ZDXBEMZRXQJ2DZ&marketplace=FLIPKART&q=fridge&store=j9e%2Fabm%2Fhzg&srno=s_7_148&otracker=search&otracker1=search&fm=organic&iid=en_10Gxn56%2BRTRG3LXQLtKL4%2BxS0n8%2FzmkkUtNaSDVzkAidK93rVCmtSfHdT73lLnQ7Cik8178uFvOyLd%2F99yHoOg%3D%3D&ppt=None&ppn=None&ssid=875qe8jn5s0000001667799310804&qH=2be977f3ff92dd10,2022-11-07 11:05:11.622660+05:30
O3Z8PNAI,SAMSUNG 324 L Frost Free Double Door 3 Star Convertible Refrigerator,34890,41990,16% off,4348,459,4.3,"['Digital Inverter Compressor', 'Built-in Stabilizer', '1 year comprehensive warranty on product, 10 years on compressor']",https://www.flipkart.com/samsung-324-l-frost-free-double-door-3-star-convertible-refrigerator/p/itm519ebed40b17f?pid=RFRFNDEEA9ESVHZH&lid=LSTRFRFNDEEA9ESVHZH1BCIQA&marketplace=FLIPKART&q=fridge&store=j9e%2Fabm%2Fhzg&srno=s_7_149&otracker=search&otracker1=search&fm=organic&iid=c38b6d59-4a67-4c95-b335-1782cddad5f9.RFRFNDEEA9ESVHZH.SEARCH&ppt=None&ppn=None&ssid=875qe8jn5s0000001667799310804&qH=2be977f3ff92dd10,2022-11-07 11:05:11.954888+05:30
XETVZMGS,Godrej 185 L Direct Cool Single Door 3 Star Refrigerator,14290,15990,10% off,13334,1451,4.3,"['Reciprocatory Compressor', 'Built-in Stabilizer', '1 Year on Product and 10 Years on Compressor From Godrej']",https://www.flipkart.com/godrej-185-l-direct-cool-single-door-3-star-refrigerator/p/itm4e5a2beafb86f?pid=RFRFZTKRBEECHZED&lid=LSTRFRFZTKRBEECHZEDFPSQ3B&marketplace=FLIPKART&q=fridge&store=j9e%2Fabm%2Fhzg&srno=s_7_150&otracker=search&otracker1=search&fm=organic&iid=c38b6d59-4a67-4c95-b335-1782cddad5f9.RFRFZTKRBEECHZED.SEARCH&ppt=None&ppn=None&ssid=875qe8jn5s0000001667799310804&qH=2be977f3ff92dd10,2022-11-07 11:05:12.259930+05:30
46L2OS68,Whirlpool 190 L Direct Cool Single Door 2 Star Refrigerator,13540,15900,14% off,37835,3499,4.3,"['Normal Compressor', 'Built-in Stabilizer', '1 Year on Product and 10 Years on Compressor from Whirlpool']",https://www.flipkart.com/whirlpool-190-l-direct-cool-single-door-2-star-refrigerator/p/itm23de1846cafca?pid=RFRFZGFANZJHN6SB&lid=LSTRFRFZGFANZJHN6SBRJ24IH&marketplace=FLIPKART&q=fridge&store=j9e%2Fabm%2Fhzg&srno=s_7_151&otracker=search&otracker1=search&fm=organic&iid=en_10Gxn56%2BRTRG3LXQLtKL4%2BxS0n8%2FzmkkUtNaSDVzkAi1uGKLoWx5DlRuJorxttIrfG1q4G8NhosLJpsjXdZLzg%3D%3D&ppt=None&ppn=None&ssid=875qe8jn5s0000001667799310804&qH=2be977f3ff92dd10,2022-11-07 11:05:12.571304+05:30
E58VUY7F,Whirlpool 190 L Direct Cool Single Door 3 Star Refrigerator with Base Drawer,16340,19500,16% off,444,34,4.3,"['Non Inverter Compressor', 'Built-in Stabilizer', '1 Year on Product and 10 Years on Compressor from Whirlpool']",https://www.flipkart.com/whirlpool-190-l-direct-cool-single-door-3-star-refrigerator-base-drawer/p/itmd625ad7498750?pid=RFRG4XR6FXK3XANH&lid=LSTRFRG4XR6FXK3XANH2QMZGI&marketplace=FLIPKART&q=fridge&store=j9e%2Fabm%2Fhzg&srno=s_7_152&otracker=search&otracker1=search&fm=organic&iid=en_10Gxn56%2BRTRG3LXQLtKL4%2BxS0n8%2FzmkkUtNaSDVzkAh5Bb4opMC7bX5ni%2Fk6yTFCMGzOfXGzGk9IKwrcXp9P4A%3D%3D&ppt=None&ppn=None&ssid=875qe8jn5s0000001667799310804&qH=2be977f3ff92dd10,2022-11-07 11:05:12.905517+05:30
89NQ4L2J,Haier 195 L Direct Cool Single Door 5 Star Refrigerator  with Mirror Glass Door,20499,24990,17% off,2585,312,4.4,"['Reciprocatory Compressor', 'Built-in Stabilizer', '1  Year Warranty on Product and 10 Years Warranty on Compressor from Haier']",https://www.flipkart.com/haier-195-l-direct-cool-single-door-5-star-refrigerator-mirror-glass/p/itmf7ezyqnecxvwk?pid=RFRF7EZYPTNM27CC&lid=LSTRFRF7EZYPTNM27CCWSV4Y6&marketplace=FLIPKART&q=fridge&store=j9e%2Fabm%2Fhzg&srno=s_7_153&otracker=search&otracker1=search&fm=organic&iid=c38b6d59-4a67-4c95-b335-1782cddad5f9.RFRF7EZYPTNM27CC.SEARCH&ppt=None&ppn=None&ssid=875qe8jn5s0000001667799310804&qH=2be977f3ff92dd10,2022-11-07 11:05:13.822939+05:30
7EC9ESBK,Godrej 265 L Frost Free Double Door 3 Star Convertible Refrigerator,25490,31800,19% off,737,73,4.3,"['Multi Inverter Technology', 'Built-in Stabilizer', '1 Year Warranty on Product and 10 Years on Compressor from Godrej']",https://www.flipkart.com/godrej-265-l-frost-free-double-door-3-star-convertible-refrigerator/p/itm7a5bb800ce7c9?pid=RFRG5SR26UMXJG2Q&lid=LSTRFRG5SR26UMXJG2QFFEB4W&marketplace=FLIPKART&q=fridge&store=j9e%2Fabm%2Fhzg&srno=s_7_154&otracker=search&otracker1=search&fm=organic&iid=c38b6d59-4a67-4c95-b335-1782cddad5f9.RFRG5SR26UMXJG2Q.SEARCH&ppt=None&ppn=None&ssid=875qe8jn5s0000001667799310804&qH=2be977f3ff92dd10,2022-11-07 11:05:14.545702+05:30
G2MQN1J8,LG 423 L Frost Free Double Door 2 Star Convertible Refrigerator,45590,56499,19% off,0,0,0,"['Smart Inverter Compressor', 'Built-in Stabilizer', '1 Year Warranty on Product and 10 Years Warranty on Compressor from LG']",https://www.flipkart.com/lg-423-l-frost-free-double-door-2-star-convertible-refrigerator/p/itmdc71c76e7c9bb?pid=RFRGH2N2DWQPKJAR&lid=LSTRFRGH2N2DWQPKJARYDNYNT&marketplace=FLIPKART&q=fridge&store=j9e%2Fabm%2Fhzg&srno=s_7_155&otracker=search&otracker1=search&fm=organic&iid=c38b6d59-4a67-4c95-b335-1782cddad5f9.RFRGH2N2DWQPKJAR.SEARCH&ppt=None&ppn=None&ssid=875qe8jn5s0000001667799310804&qH=2be977f3ff92dd10,2022-11-07 11:05:14.834572+05:30
JOCX1D2U,ONIDA 190 L Direct Cool Single Door 3 Star Refrigerator,12970,18990,31% off,9145,961,4.2,"['Reciprocatory Compressor', '1 Year Comprehensive Warranty on Product, 10 Years Warranty on Compressor']",https://www.flipkart.com/onida-190-l-direct-cool-single-door-3-star-refrigerator/p/itmbefe696d552c1?pid=RFRFQ4ED4GD9WNSY&lid=LSTRFRFQ4ED4GD9WNSY6MIG9P&marketplace=FLIPKART&q=fridge&store=j9e%2Fabm%2Fhzg&srno=s_7_156&otracker=search&otracker1=search&fm=organic&iid=c38b6d59-4a67-4c95-b335-1782cddad5f9.RFRFQ4ED4GD9WNSY.SEARCH&ppt=None&ppn=None&ssid=875qe8jn5s0000001667799310804&qH=2be977f3ff92dd10,2022-11-07 11:05:15.168871+05:30
91RVSAFO,Whirlpool 190 L Direct Cool Single Door 2 Star Refrigerator,13540,16500,17% off,37835,3499,4.3,"['Normal Compressor', 'Built-in Stabilizer', '1 Year on Product and 10 Years on Compressor from Whirlpool']",https://www.flipkart.com/whirlpool-190-l-direct-cool-single-door-2-star-refrigerator/p/itm823c53fcf0200?pid=RFRFZGFADYS3UTBG&lid=LSTRFRFZGFADYS3UTBGFVSNUE&marketplace=FLIPKART&q=fridge&store=j9e%2Fabm%2Fhzg&srno=s_7_157&otracker=search&otracker1=search&fm=organic&iid=en_10Gxn56%2BRTRG3LXQLtKL4%2BxS0n8%2FzmkkUtNaSDVzkAh4WdN%2F5WerFy%2BlPD%2BcbiMz6VmDAgCf6DMckC1h3ZnRZg%3D%3D&ppt=None&ppn=None&ssid=875qe8jn5s0000001667799310804&qH=2be977f3ff92dd10,2022-11-07 11:05:15.620690+05:30
88QCF2QS,Whirlpool 190 L Direct Cool Single Door 3 Star Refrigerator,15340,18000,14% off,622,47,4.3,"['Non Inverter Compressor', 'Built-in Stabilizer', '1 Year on Product and 10 Years on Compressor from Whirlpool']",https://www.flipkart.com/whirlpool-190-l-direct-cool-single-door-3-star-refrigerator/p/itmc4870feb17803?pid=RFRG4XR689KTY9QT&lid=LSTRFRG4XR689KTY9QTJUWMVD&marketplace=FLIPKART&q=fridge&store=j9e%2Fabm%2Fhzg&srno=s_7_158&otracker=search&otracker1=search&fm=organic&iid=en_10Gxn56%2BRTRG3LXQLtKL4%2BxS0n8%2FzmkkUtNaSDVzkAjlhscM%2F%2B569VYmrcDIN8neSnPWXWX2eFur1r0QMwaKtQ%3D%3D&ppt=None&ppn=None&ssid=875qe8jn5s0000001667799310804&qH=2be977f3ff92dd10,2022-11-07 11:05:15.924562+05:30
IWRNWVFF,Whirlpool 265 L Frost Free Double Door 3 Star Convertible Refrigerator,29300,35967,18% off,26,3,4.6,"['Intellisense Inverter', 'Built-in Stabilizer', '1 Year Comprehensive Warranty on Product and 10 Years on Compressor']",https://www.flipkart.com/whirlpool-265-l-frost-free-double-door-3-star-convertible-refrigerator/p/itm48c1ef9e6aa5e?pid=RFRFRQ32P9HFGDHC&lid=LSTRFRFRQ32P9HFGDHCYQ6ISG&marketplace=FLIPKART&q=fridge&store=j9e%2Fabm%2Fhzg&srno=s_7_159&otracker=search&otracker1=search&fm=organic&iid=c38b6d59-4a67-4c95-b335-1782cddad5f9.RFRFRQ32P9HFGDHC.SEARCH&ppt=None&ppn=None&ssid=875qe8jn5s0000001667799310804&qH=2be977f3ff92dd10,2022-11-07 11:05:16.773858+05:30
GXN98MKL,SAMSUNG 198 L Direct Cool Single Door 4 Star Refrigerator,16740,18990,11% off,1811,200,4.4,"['Digital Inverter Compressor', 'Built-in Stabilizer', '1 Year on Product and 10 Years on Compressor From Samsung']",https://www.flipkart.com/samsung-198-l-direct-cool-single-door-4-star-refrigerator/p/itmda94ce7d52104?pid=RFRFZG7M2HKKU2WV&lid=LSTRFRFZG7M2HKKU2WVRV9LYU&marketplace=FLIPKART&q=fridge&store=j9e%2Fabm%2Fhzg&srno=s_7_160&otracker=search&otracker1=search&fm=organic&iid=c38b6d59-4a67-4c95-b335-1782cddad5f9.RFRFZG7M2HKKU2WV.SEARCH&ppt=None&ppn=None&ssid=875qe8jn5s0000001667799310804&qH=2be977f3ff92dd10,2022-11-07 11:05:17.149689+05:30
B0I263XJ,Whirlpool 190 L Direct Cool Single Door 3 Star Refrigerator,15340,17600,12% off,1327,122,4.2,"['Non Inverter Compressor', 'Built-in Stabilizer', '1 Year on Product and 10 Years on Compressor from Whirlpool']",https://www.flipkart.com/whirlpool-190-l-direct-cool-single-door-3-star-refrigerator/p/itm600cc6ce9ae49?pid=RFRG4XR6QNSM6X5H&lid=LSTRFRG4XR6QNSM6X5HUWM1ZO&marketplace=FLIPKART&q=fridge&store=j9e%2Fabm%2Fhzg&srno=s_7_161&otracker=search&otracker1=search&fm=organic&iid=en_10Gxn56%2BRTRG3LXQLtKL4%2BxS0n8%2FzmkkUtNaSDVzkAgjLK5mmesGAiYkKsN5%2Fq%2FG3RgyFZzsE5Uq1sCzOjbMWg%3D%3D&ppt=None&ppn=None&ssid=875qe8jn5s0000001667799310804&qH=2be977f3ff92dd10,2022-11-07 11:05:17.465831+05:30
J68JO1IL,Whirlpool 190 L Direct Cool Single Door 3 Star Refrigerator,14640,17000,13% off,37835,3499,4.3,"['Normal Compressor', 'Built-in Stabilizer', '1 Year on Product and 10 Years on Compressor from Whirlpool']",https://www.flipkart.com/whirlpool-190-l-direct-cool-single-door-3-star-refrigerator/p/itmafa0a476dffe1?pid=RFRFZGFAHQ7VQXZF&lid=LSTRFRFZGFAHQ7VQXZFLUB4OV&marketplace=FLIPKART&q=fridge&store=j9e%2Fabm%2Fhzg&srno=s_7_162&otracker=search&otracker1=search&fm=organic&iid=en_10Gxn56%2BRTRG3LXQLtKL4%2BxS0n8%2FzmkkUtNaSDVzkAhB2%2FUG%2BXXXxcSY3ohQSWG69id%2Byr2a%2Frjl%2FtNWn3LZxQ%3D%3D&ppt=None&ppn=None&ssid=875qe8jn5s0000001667799310804&qH=2be977f3ff92dd10,2022-11-07 11:05:17.771695+05:30
WCVAHV9J,LG 190 L Direct Cool Single Door 5 Star Refrigerator with Base Drawer,17790,20990,15% off,7034,732,4.4,"['Inverter Compressor', 'Built-in Stabilizer', '1 Year on Refrigerator Unit and 10 Years on Compressor From LG']",https://www.flipkart.com/lg-190-l-direct-cool-single-door-5-star-refrigerator-base-drawer/p/itma05adef0f54b0?pid=RFRFZZ8YESJ2VF7G&lid=LSTRFRFZZ8YESJ2VF7GUNQBDP&marketplace=FLIPKART&q=fridge&store=j9e%2Fabm%2Fhzg&srno=s_7_163&otracker=search&otracker1=search&fm=organic&iid=c38b6d59-4a67-4c95-b335-1782cddad5f9.RFRFZZ8YESJ2VF7G.SEARCH&ppt=None&ppn=None&ssid=875qe8jn5s0000001667799310804&qH=2be977f3ff92dd10,2022-11-07 11:05:18.086514+05:30
Q2WTJLYZ,Whirlpool 265 L Frost Free Double Door 2 Star Convertible Refrigerator,26849,33367,19% off,287,30,4.4,"['Normal Compressor', 'Built-in Stabilizer', '1 Year Comprehensive Warranty on Product and 10 Years on Compressor']",https://www.flipkart.com/whirlpool-265-l-frost-free-double-door-2-star-convertible-refrigerator/p/itm23eada3901df6?pid=RFRFRQ32GRQGDZWM&lid=LSTRFRFRQ32GRQGDZWMISRDMQ&marketplace=FLIPKART&q=fridge&store=j9e%2Fabm%2Fhzg&srno=s_7_164&otracker=search&otracker1=search&fm=organic&iid=c38b6d59-4a67-4c95-b335-1782cddad5f9.RFRFRQ32GRQGDZWM.SEARCH&ppt=None&ppn=None&ssid=875qe8jn5s0000001667799310804&qH=2be977f3ff92dd10,2022-11-07 11:05:18.425773+05:30
MRJWFYJ3,SAMSUNG 253 L Frost Free Double Door 2 Star Refrigerator,24470,25990,5% off,18,3,3.9,"['Digital Inverter Compressor', 'Built-in Stabilizer', '1 Year Warranty on Product and 10 Years on Compressor']",https://www.flipkart.com/samsung-253-l-frost-free-double-door-2-star-refrigerator/p/itm08aabe5caee17?pid=RFRFZGJCEXRXKQXQ&lid=LSTRFRFZGJCEXRXKQXQCFOX8B&marketplace=FLIPKART&q=fridge&store=j9e%2Fabm%2Fhzg&srno=s_7_165&otracker=search&otracker1=search&fm=organic&iid=c38b6d59-4a67-4c95-b335-1782cddad5f9.RFRFZGJCEXRXKQXQ.SEARCH&ppt=None&ppn=None&ssid=875qe8jn5s0000001667799310804&qH=2be977f3ff92dd10,2022-11-07 11:05:19.207720+05:30
AHI7MVN9,Haier 345 L Frost Free Double Door 3 Star Convertible Refrigerator,33790,52400,35% off,126,13,4.2,"['Inverter Compressor', 'Built-in Stabilizer', '1 Year on Product and 10 Years on Compressor From Haier']",https://www.flipkart.com/haier-345-l-frost-free-double-door-3-star-convertible-refrigerator/p/itm035c7cafeed37?pid=RFRGFUT3KCHPZNEZ&lid=LSTRFRGFUT3KCHPZNEZZZA4VY&marketplace=FLIPKART&q=fridge&store=j9e%2Fabm%2Fhzg&srno=s_7_166&otracker=search&otracker1=search&fm=organic&iid=c38b6d59-4a67-4c95-b335-1782cddad5f9.RFRGFUT3KCHPZNEZ.SEARCH&ppt=None&ppn=None&ssid=875qe8jn5s0000001667799310804&qH=2be977f3ff92dd10,2022-11-07 11:05:19.505511+05:30
UKQ5LRQ6,Whirlpool 190 L Direct Cool Single Door 3 Star Refrigerator,14640,18700,21% off,37835,3499,4.3,"['Normal Compressor', 'Built-in Stabilizer', '1 Year on Product and 10 Years on Compressor from Whirlpool']",https://www.flipkart.com/whirlpool-190-l-direct-cool-single-door-3-star-refrigerator/p/itm94a1658747a65?pid=RFRFZGFAFJAANRWP&lid=LSTRFRFZGFAFJAANRWPKN0PYK&marketplace=FLIPKART&q=fridge&store=j9e%2Fabm%2Fhzg&srno=s_7_167&otracker=search&otracker1=search&fm=organic&iid=en_10Gxn56%2BRTRG3LXQLtKL4%2BxS0n8%2FzmkkUtNaSDVzkAiAWOzdta0pTLaNAokta%2FQqQ99ZbiOJ%2Bg96C1A41aEjrQ%3D%3D&ppt=None&ppn=None&ssid=875qe8jn5s0000001667799310804&qH=2be977f3ff92dd10,2022-11-07 11:05:19.792730+05:30
M0C6A3WB,Whirlpool 190 L Direct Cool Single Door 3 Star Refrigerator,14000,18700,25% off,37835,3499,4.3,"['Normal Compressor', 'Built-in Stabilizer', '1 Year on Product and 10 Years on Compressor from Whirlpool']",https://www.flipkart.com/whirlpool-190-l-direct-cool-single-door-3-star-refrigerator/p/itmf8e85786b09ef?pid=RFRFZGFAMXNUREWN&lid=LSTRFRFZGFAMXNUREWN3V8KEL&marketplace=FLIPKART&q=fridge&store=j9e%2Fabm%2Fhzg&srno=s_7_168&otracker=search&otracker1=search&fm=organic&iid=en_10Gxn56%2BRTRG3LXQLtKL4%2BxS0n8%2FzmkkUtNaSDVzkAilhjCkWK0FzFURrWq3S6tXMS96o%2BR53YD60lqIk4fxYw%3D%3D&ppt=None&ppn=None&ssid=875qe8jn5s0000001667799310804&qH=2be977f3ff92dd10,2022-11-07 11:05:20.079382+05:30
ELFD8AFQ,Godrej 240 L Direct Cool Single Door 4 Star Refrigerator with Base Drawer,19790,25000,20% off,1650,215,4.3,"['Inverter Compressor', '1 Year Warranty on Product and 10 Years on Compressor from Godrej']",https://www.flipkart.com/godrej-240-l-direct-cool-single-door-4-star-refrigerator-base-drawer/p/itmd47cc69a0773c?pid=RFRGC8D5KW5CGAVF&lid=LSTRFRGC8D5KW5CGAVFEFUW39&marketplace=FLIPKART&q=fridge&store=j9e%2Fabm%2Fhzg&srno=s_8_169&otracker=search&otracker1=search&fm=organic&iid=cf30070d-ec04-45ed-9e13-b06ac750e16a.RFRGC8D5KW5CGAVF.SEARCH&ppt=None&ppn=None&ssid=90l77a1zgg0000001667799321270&qH=2be977f3ff92dd10,2022-11-07 11:05:21.085397+05:30
9J4JA07C,Godrej 255 L Frost Free Double Door 2 Star Refrigerator,21990,26500,17% off,739,79,4.3,"['Inverter Compressor', 'Built-in Stabilizer', '1 Year Comprehensive Warranty on Product and 10 Years Warranty on Compressor']",https://www.flipkart.com/godrej-255-l-frost-free-double-door-2-star-refrigerator/p/itm399e2f680ae4b?pid=RFRGGMZQTEUJP4MH&lid=LSTRFRGGMZQTEUJP4MHPC45WV&marketplace=FLIPKART&q=fridge&store=j9e%2Fabm%2Fhzg&srno=s_8_170&otracker=search&otracker1=search&fm=organic&iid=cf30070d-ec04-45ed-9e13-b06ac750e16a.RFRGGMZQTEUJP4MH.SEARCH&ppt=None&ppn=None&ssid=90l77a1zgg0000001667799321270&qH=2be977f3ff92dd10,2022-11-07 11:05:21.528708+05:30
9JY6K871,Whirlpool 190 L Direct Cool Single Door 2 Star Refrigerator,12990,15600,16% off,37835,3499,4.3,"['Normal Compressor', 'Built-in Stabilizer', '1 Year on Product and 10 Years on Compressor from Whirlpool']",https://www.flipkart.com/whirlpool-190-l-direct-cool-single-door-2-star-refrigerator/p/itmf6b4c3749b7e4?pid=RFRFZGFAGZUJTXWF&lid=LSTRFRFZGFAGZUJTXWFPDDAKA&marketplace=FLIPKART&q=fridge&store=j9e%2Fabm%2Fhzg&srno=s_8_171&otracker=search&otracker1=search&fm=organic&iid=en_k4%2BxV7F%2B8MXszxjTlzuWBC4JWDmaON1OMBVpC%2B6zcCgYZRCKcigoxkWYUufIgkALUxBERcvvxLbebUgcQtk5mQ%3D%3D&ppt=None&ppn=None&ssid=90l77a1zgg0000001667799321270&qH=2be977f3ff92dd10,2022-11-07 11:05:21.828759+05:30
CSR15EV4,Whirlpool 190 L Direct Cool Single Door 3 Star Refrigerator with Base Drawer,16340,20450,20% off,820,91,4.3,"['Non Inverter Compressor', 'Built-in Stabilizer', '1 Year on Product and 10 Years on Compressor from Whirlpool']",https://www.flipkart.com/whirlpool-190-l-direct-cool-single-door-3-star-refrigerator-base-drawer/p/itm495a967730b3c?pid=RFRG4XR6ZDXBEMZR&lid=LSTRFRG4XR6ZDXBEMZRXQJ2DZ&marketplace=FLIPKART&q=fridge&store=j9e%2Fabm%2Fhzg&srno=s_8_172&otracker=search&otracker1=search&fm=organic&iid=en_k4%2BxV7F%2B8MXszxjTlzuWBC4JWDmaON1OMBVpC%2B6zcCgJCf81URJ2k%2BD5uVOlOnK2Cik8178uFvOyLd%2F99yHoOg%3D%3D&ppt=None&ppn=None&ssid=90l77a1zgg0000001667799321270&qH=2be977f3ff92dd10,2022-11-07 11:05:22.132338+05:30
GTS2VZK8,LG 215 L Direct Cool Single Door 5 Star Refrigerator with Base Drawer  with Smart Inverter Moist 'N' F...,22990,29099,20% off,115,17,4.5,"['Smart Inverter Compressor', 'Built-in Stabilizer', '1 Year Warranty on Product and 10 Years Warranty on Compressor From LG']",https://www.flipkart.com/lg-215-l-direct-cool-single-door-5-star-refrigerator-base-drawer-smart-inverter-moist-n-fresh/p/itm37fba4e5ba31e?pid=RFRGGBY5R3JSNWZU&lid=LSTRFRGGBY5R3JSNWZUITH2KZ&marketplace=FLIPKART&q=fridge&store=j9e%2Fabm%2Fhzg&srno=s_8_173&otracker=search&otracker1=search&fm=organic&iid=cf30070d-ec04-45ed-9e13-b06ac750e16a.RFRGGBY5R3JSNWZU.SEARCH&ppt=None&ppn=None&ssid=90l77a1zgg0000001667799321270&qH=2be977f3ff92dd10,2022-11-07 11:05:22.438025+05:30
DK5E0U5R,LG 260 L Frost Free Double Door 2 Star Refrigerator,28999,31268,7% off,0,0,0,"['Smart Inverter Compressor', 'Built-in Stabilizer', '1 Year on Product and 10 Years on Compressor from LG']",https://www.flipkart.com/lg-260-l-frost-free-double-door-2-star-refrigerator/p/itmf03febe7ad78e?pid=RFRG6W5VQEHGGH4X&lid=LSTRFRG6W5VQEHGGH4XKHPX10&marketplace=FLIPKART&q=fridge&store=j9e%2Fabm%2Fhzg&srno=s_8_174&otracker=search&otracker1=search&fm=organic&iid=cf30070d-ec04-45ed-9e13-b06ac750e16a.RFRG6W5VQEHGGH4X.SEARCH&ppt=None&ppn=None&ssid=90l77a1zgg0000001667799321270&qH=2be977f3ff92dd10,2022-11-07 11:05:22.967324+05:30
1KFQSHJL,LG 260 L Frost Free Double Door 3 Star Convertible Refrigerator,31109,43399,28% off,7,0,3.7,"['Smart Inverter Compressor', 'Built-in Stabilizer', '1 Year on Product and 10 Years on Compressor From LG']",https://www.flipkart.com/lg-260-l-frost-free-double-door-3-star-convertible-refrigerator/p/itmdfa07c3f5fa52?pid=RFRGC5YFBHGDDRWG&lid=LSTRFRGC5YFBHGDDRWGQ2MYMJ&marketplace=FLIPKART&q=fridge&store=j9e%2Fabm%2Fhzg&srno=s_8_175&otracker=search&otracker1=search&fm=organic&iid=cf30070d-ec04-45ed-9e13-b06ac750e16a.RFRGC5YFBHGDDRWG.SEARCH&ppt=None&ppn=None&ssid=90l77a1zgg0000001667799321270&qH=2be977f3ff92dd10,2022-11-07 11:05:23.758730+05:30
EPC30LF3,Godrej 255 L Frost Free Double Door 2 Star Refrigerator,22290,22900,2% off,739,79,4.3,"['Inverter Compressor', 'Built-in Stabilizer', '1 Year Warranty on product and 10 Years Warranty on Compressor from Godrej']",https://www.flipkart.com/godrej-255-l-frost-free-double-door-2-star-refrigerator/p/itmd8446154ae20b?pid=RFRFZCW3HZHM59MH&lid=LSTRFRFZCW3HZHM59MHU8NEX2&marketplace=FLIPKART&q=fridge&store=j9e%2Fabm%2Fhzg&srno=s_8_176&otracker=search&otracker1=search&fm=organic&iid=cf30070d-ec04-45ed-9e13-b06ac750e16a.RFRFZCW3HZHM59MH.SEARCH&ppt=None&ppn=None&ssid=90l77a1zgg0000001667799321270&qH=2be977f3ff92dd10,2022-11-07 11:05:24.282680+05:30
63M062DA,Whirlpool 190 L Direct Cool Single Door 2 Star Refrigerator,13540,15900,14% off,37835,3499,4.3,"['Normal Compressor', 'Built-in Stabilizer', '1 Year on Product and 10 Years on Compressor from Whirlpool']",https://www.flipkart.com/whirlpool-190-l-direct-cool-single-door-2-star-refrigerator/p/itm23de1846cafca?pid=RFRFZGFANZJHN6SB&lid=LSTRFRFZGFANZJHN6SBRJ24IH&marketplace=FLIPKART&q=fridge&store=j9e%2Fabm%2Fhzg&srno=s_8_177&otracker=search&otracker1=search&fm=organic&iid=en_k4%2BxV7F%2B8MXszxjTlzuWBC4JWDmaON1OMBVpC%2B6zcCivXNksTRn5pIpKxkkZZX8cfG1q4G8NhosLJpsjXdZLzg%3D%3D&ppt=None&ppn=None&ssid=90l77a1zgg0000001667799321270&qH=2be977f3ff92dd10,2022-11-07 11:05:24.616701+05:30
EW9EUI05,Whirlpool 190 L Direct Cool Single Door 3 Star Refrigerator with Base Drawer,16340,19500,16% off,444,34,4.3,"['Non Inverter Compressor', 'Built-in Stabilizer', '1 Year on Product and 10 Years on Compressor from Whirlpool']",https://www.flipkart.com/whirlpool-190-l-direct-cool-single-door-3-star-refrigerator-base-drawer/p/itmd625ad7498750?pid=RFRG4XR6FXK3XANH&lid=LSTRFRG4XR6FXK3XANH2QMZGI&marketplace=FLIPKART&q=fridge&store=j9e%2Fabm%2Fhzg&srno=s_8_178&otracker=search&otracker1=search&fm=organic&iid=en_k4%2BxV7F%2B8MXszxjTlzuWBC4JWDmaON1OMBVpC%2B6zcCiB1LvDtCgFJ8KL7Ot168OIMGzOfXGzGk9IKwrcXp9P4A%3D%3D&ppt=None&ppn=None&ssid=90l77a1zgg0000001667799321270&qH=2be977f3ff92dd10,2022-11-07 11:05:24.925140+05:30
WAG20Y8C,SAMSUNG 225 L Direct Cool Single Door 3 Star Refrigerator,21556,23990,10% off,71,9,4.4,"['Digital Inverter Compressor', 'Built-in Stabilizer', '1 Year Warranty on Product and 10 Years on Compressor from Samsung']",https://www.flipkart.com/samsung-225-l-direct-cool-single-door-3-star-refrigerator/p/itmd384f1db24079?pid=RFRG49A78HNBTUFA&lid=LSTRFRG49A78HNBTUFAV2TSIM&marketplace=FLIPKART&q=fridge&store=j9e%2Fabm%2Fhzg&srno=s_8_179&otracker=search&otracker1=search&fm=organic&iid=cf30070d-ec04-45ed-9e13-b06ac750e16a.RFRG49A78HNBTUFA.SEARCH&ppt=None&ppn=None&ssid=90l77a1zgg0000001667799321270&qH=2be977f3ff92dd10,2022-11-07 11:05:25.249912+05:30
LBN0AW3E,Whirlpool 360 L Frost Free Double Door 3 Star Convertible Refrigerator,36490,41646,12% off,108,19,4.4,"['Intellisense Inverter', 'Built-in Stabilizer', '1 Year Comprehensive on Product and 10 Years on Compressor From Whirlpool']",https://www.flipkart.com/whirlpool-360-l-frost-free-double-door-3-star-convertible-refrigerator/p/itm4703f05516443?pid=RFRFZZBU7RYZUEFZ&lid=LSTRFRFZZBU7RYZUEFZGAO9KN&marketplace=FLIPKART&q=fridge&store=j9e%2Fabm%2Fhzg&srno=s_8_180&otracker=search&otracker1=search&fm=organic&iid=cf30070d-ec04-45ed-9e13-b06ac750e16a.RFRFZZBU7RYZUEFZ.SEARCH&ppt=None&ppn=None&ssid=90l77a1zgg0000001667799321270&qH=2be977f3ff92dd10,2022-11-07 11:05:25.580542+05:30
E5N66U2G,Whirlpool 190 L Direct Cool Single Door 2 Star Refrigerator,13540,16500,17% off,37835,3499,4.3,"['Normal Compressor', 'Built-in Stabilizer', '1 Year on Product and 10 Years on Compressor from Whirlpool']",https://www.flipkart.com/whirlpool-190-l-direct-cool-single-door-2-star-refrigerator/p/itm823c53fcf0200?pid=RFRFZGFADYS3UTBG&lid=LSTRFRFZGFADYS3UTBGFVSNUE&marketplace=FLIPKART&q=fridge&store=j9e%2Fabm%2Fhzg&srno=s_8_181&otracker=search&otracker1=search&fm=organic&iid=en_k4%2BxV7F%2B8MXszxjTlzuWBC4JWDmaON1OMBVpC%2B6zcCiV8xkS4hegXA4CN1xQWFXI6VmDAgCf6DMckC1h3ZnRZg%3D%3D&ppt=None&ppn=None&ssid=90l77a1zgg0000001667799321270&qH=2be977f3ff92dd10,2022-11-07 11:05:25.905640+05:30
5ZVWBOQ3,Whirlpool 190 L Direct Cool Single Door 3 Star Refrigerator,15340,18000,14% off,622,47,4.3,"['Non Inverter Compressor', 'Built-in Stabilizer', '1 Year on Product and 10 Years on Compressor from Whirlpool']",https://www.flipkart.com/whirlpool-190-l-direct-cool-single-door-3-star-refrigerator/p/itmc4870feb17803?pid=RFRG4XR689KTY9QT&lid=LSTRFRG4XR689KTY9QTJUWMVD&marketplace=FLIPKART&q=fridge&store=j9e%2Fabm%2Fhzg&srno=s_8_182&otracker=search&otracker1=search&fm=organic&iid=en_k4%2BxV7F%2B8MXszxjTlzuWBC4JWDmaON1OMBVpC%2B6zcCiA3hze7qmGv6oG0LZzWFatSnPWXWX2eFur1r0QMwaKtQ%3D%3D&ppt=None&ppn=None&ssid=90l77a1zgg0000001667799321270&qH=2be977f3ff92dd10,2022-11-07 11:05:26.216677+05:30
X5SZZF9U,LG 190 L Direct Cool Single Door 2 Star Refrigerator,14390,17899,19% off,207,2,4.5,"['Reciprocating Compressor', 'Built-in Stabilizer', '1 Year Warranty on Product and 10 Years Warranty on Compressor From LG']",https://www.flipkart.com/lg-190-l-direct-cool-single-door-2-star-refrigerator/p/itmf2c4ca3f6d820?pid=RFRGGKS35PCFQU4J&lid=LSTRFRGGKS35PCFQU4JAJRIJF&marketplace=FLIPKART&q=fridge&store=j9e%2Fabm%2Fhzg&srno=s_8_183&otracker=search&otracker1=search&fm=organic&iid=cf30070d-ec04-45ed-9e13-b06ac750e16a.RFRGGKS35PCFQU4J.SEARCH&ppt=None&ppn=None&ssid=90l77a1zgg0000001667799321270&qH=2be977f3ff92dd10,2022-11-07 11:05:26.506677+05:30
26PME3OZ,BOSCH 332 L Frost Free Triple Door Refrigerator,40806,58690,30% off,0,0,0,"['VarioInverter', '1 Year Warranty on Product']",https://www.flipkart.com/bosch-332-l-frost-free-triple-door-refrigerator/p/itm05ef053ee729d?pid=RFRGGJKTN47EEZT2&lid=LSTRFRGGJKTN47EEZT21905BW&marketplace=FLIPKART&q=fridge&store=j9e%2Fabm%2Fhzg&srno=s_8_184&otracker=search&otracker1=search&fm=organic&iid=cf30070d-ec04-45ed-9e13-b06ac750e16a.RFRGGJKTN47EEZT2.SEARCH&ppt=None&ppn=None&ssid=90l77a1zgg0000001667799321270&qH=2be977f3ff92dd10,2022-11-07 11:05:27.394707+05:30
I1E3JEV3,Whirlpool 200 L Direct Cool Single Door 3 Star Refrigerator with Base Drawer,17099,18799,9% off,63,5,4.3,"['Digital Inverter', 'Built-in Stabilizer', '1 Year on Product and 10 Years on Compressor From Whirlpool']",https://www.flipkart.com/whirlpool-200-l-direct-cool-single-door-3-star-refrigerator-base-drawer/p/itma9e5f7fd441e1?pid=RFRFQHMSAHTQNXGA&lid=LSTRFRFQHMSAHTQNXGARQFE2V&marketplace=FLIPKART&q=fridge&store=j9e%2Fabm%2Fhzg&srno=s_8_185&otracker=search&otracker1=search&fm=organic&iid=cf30070d-ec04-45ed-9e13-b06ac750e16a.RFRFQHMSAHTQNXGA.SEARCH&ppt=None&ppn=None&ssid=90l77a1zgg0000001667799321270&qH=2be977f3ff92dd10,2022-11-07 11:05:28.209696+05:30
BBDL5HO4,Whirlpool 200 L Direct Cool Single Door 3 Star Refrigerator,18090,22300,18% off,9500,1076,4.4,"['Normal Compressor', 'Built-in Stabilizer', '1 Year on Product and 10 Years on Compressor from Whirlpool']",https://www.flipkart.com/whirlpool-200-l-direct-cool-single-door-3-star-refrigerator/p/itma9e5f7fd441e1?pid=RFRFSFURRCEZ4CFW&lid=LSTRFRFSFURRCEZ4CFWGMEFDP&marketplace=FLIPKART&q=fridge&store=j9e%2Fabm%2Fhzg&srno=s_8_186&otracker=search&otracker1=search&fm=organic&iid=cf30070d-ec04-45ed-9e13-b06ac750e16a.RFRFSFURRCEZ4CFW.SEARCH&ppt=None&ppn=None&ssid=90l77a1zgg0000001667799321270&qH=2be977f3ff92dd10,2022-11-07 11:05:28.512737+05:30
1VFSAUJ3,Whirlpool 190 L Direct Cool Single Door 3 Star Refrigerator,15340,17600,12% off,1327,122,4.2,"['Non Inverter Compressor', 'Built-in Stabilizer', '1 Year on Product and 10 Years on Compressor from Whirlpool']",https://www.flipkart.com/whirlpool-190-l-direct-cool-single-door-3-star-refrigerator/p/itm600cc6ce9ae49?pid=RFRG4XR6QNSM6X5H&lid=LSTRFRG4XR6QNSM6X5HUWM1ZO&marketplace=FLIPKART&q=fridge&store=j9e%2Fabm%2Fhzg&srno=s_8_187&otracker=search&otracker1=search&fm=organic&iid=en_k4%2BxV7F%2B8MXszxjTlzuWBC4JWDmaON1OMBVpC%2B6zcCjbjA%2BQJ%2FBOsrPJV8yYWYnn3RgyFZzsE5Uq1sCzOjbMWg%3D%3D&ppt=None&ppn=None&ssid=90l77a1zgg0000001667799321270&qH=2be977f3ff92dd10,2022-11-07 11:05:28.855264+05:30
15U423TX,Whirlpool 190 L Direct Cool Single Door 3 Star Refrigerator,14640,17000,13% off,37835,3499,4.3,"['Normal Compressor', 'Built-in Stabilizer', '1 Year on Product and 10 Years on Compressor from Whirlpool']",https://www.flipkart.com/whirlpool-190-l-direct-cool-single-door-3-star-refrigerator/p/itmafa0a476dffe1?pid=RFRFZGFAHQ7VQXZF&lid=LSTRFRFZGFAHQ7VQXZFLUB4OV&marketplace=FLIPKART&q=fridge&store=j9e%2Fabm%2Fhzg&srno=s_8_188&otracker=search&otracker1=search&fm=organic&iid=en_k4%2BxV7F%2B8MXszxjTlzuWBC4JWDmaON1OMBVpC%2B6zcCjek75Qm9rmV9lWiB84aOzP9id%2Byr2a%2Frjl%2FtNWn3LZxQ%3D%3D&ppt=None&ppn=None&ssid=90l77a1zgg0000001667799321270&qH=2be977f3ff92dd10,2022-11-07 11:05:29.141851+05:30
I45JZCGT,CANDY 195 L Direct Cool Single Door 3 Star Refrigerator,12820,18000,28% off,3492,514,4.3,"['Reciprocatory Compressor', 'Built-in Stabilizer', '1 Year Warranty on Product and 10 Years on Compressor']",https://www.flipkart.com/candy-195-l-direct-cool-single-door-3-star-refrigerator/p/itmd3a9317ad044f?pid=RFRGBVYNG5RH8DYV&lid=LSTRFRGBVYNG5RH8DYVTLNRXF&marketplace=FLIPKART&q=fridge&store=j9e%2Fabm%2Fhzg&srno=s_8_189&otracker=search&otracker1=search&fm=organic&iid=cf30070d-ec04-45ed-9e13-b06ac750e16a.RFRGBVYNG5RH8DYV.SEARCH&ppt=None&ppn=None&ssid=90l77a1zgg0000001667799321270&qH=2be977f3ff92dd10,2022-11-07 11:05:30.089694+05:30
RO7XE4KR,LG 423 L Frost Free Double Door 3 Star Convertible Refrigerator  with Smart Inverter with Door Cooling...,54090,67999,20% off,35,3,4.6,"['Smart Inverter Compressor', 'Built-in Stabilizer', '1 Year Warranty on Product and 10 Years Warranty on Compressor From LG']",https://www.flipkart.com/lg-423-l-frost-free-double-door-3-star-convertible-refrigerator-smart-inverter-cooling-wi-fi-hygiene-fresh/p/itm56554b4ce49e7?pid=RFRGGHUCHVP55V2D&lid=LSTRFRGGHUCHVP55V2DRPYLOB&marketplace=FLIPKART&q=fridge&store=j9e%2Fabm%2Fhzg&srno=s_8_190&otracker=search&otracker1=search&fm=organic&iid=cf30070d-ec04-45ed-9e13-b06ac750e16a.RFRGGHUCHVP55V2D.SEARCH&ppt=None&ppn=None&ssid=90l77a1zgg0000001667799321270&qH=2be977f3ff92dd10,2022-11-07 11:05:30.391725+05:30
8F04V6X8,Whirlpool 190 L Direct Cool Single Door 3 Star Refrigerator,14640,18700,21% off,37835,3499,4.3,"['Normal Compressor', 'Built-in Stabilizer', '1 Year on Product and 10 Years on Compressor from Whirlpool']",https://www.flipkart.com/whirlpool-190-l-direct-cool-single-door-3-star-refrigerator/p/itm94a1658747a65?pid=RFRFZGFAFJAANRWP&lid=LSTRFRFZGFAFJAANRWPKN0PYK&marketplace=FLIPKART&q=fridge&store=j9e%2Fabm%2Fhzg&srno=s_8_191&otracker=search&otracker1=search&fm=organic&iid=en_k4%2BxV7F%2B8MXszxjTlzuWBC4JWDmaON1OMBVpC%2B6zcChzXjNICEQLHCS%2FnZqO4gIVQ99ZbiOJ%2Bg96C1A41aEjrQ%3D%3D&ppt=None&ppn=None&ssid=90l77a1zgg0000001667799321270&qH=2be977f3ff92dd10,2022-11-07 11:05:30.683515+05:30
6MDACOUV,Whirlpool 190 L Direct Cool Single Door 3 Star Refrigerator,14000,18700,25% off,37835,3499,4.3,"['Normal Compressor', 'Built-in Stabilizer', '1 Year on Product and 10 Years on Compressor from Whirlpool']",https://www.flipkart.com/whirlpool-190-l-direct-cool-single-door-3-star-refrigerator/p/itmf8e85786b09ef?pid=RFRFZGFAMXNUREWN&lid=LSTRFRFZGFAMXNUREWN3V8KEL&marketplace=FLIPKART&q=fridge&store=j9e%2Fabm%2Fhzg&srno=s_8_192&otracker=search&otracker1=search&fm=organic&iid=en_k4%2BxV7F%2B8MXszxjTlzuWBC4JWDmaON1OMBVpC%2B6zcCgCfbyLP%2B7zbBJItUPVUlctMS96o%2BR53YD60lqIk4fxYw%3D%3D&ppt=None&ppn=None&ssid=90l77a1zgg0000001667799321270&qH=2be977f3ff92dd10,2022-11-07 11:05:30.999330+05:30
MQSOLFQ3,Whirlpool 240 L Frost Free Triple Door Refrigerator,27889,30800,9% off,342,46,4.5,"['Normal Compressor', 'Built-in Stabilizer', '1 Year on the Product and 10 Years on the Compressor From Whirlpool']",https://www.flipkart.com/whirlpool-240-l-frost-free-triple-door-refrigerator/p/itmd16dfa918002c?pid=RFRFPJ8YCVHK6CFY&lid=LSTRFRFPJ8YCVHK6CFYWYPJ1U&marketplace=FLIPKART&q=fridge&store=j9e%2Fabm%2Fhzg&srno=s_9_193&otracker=search&otracker1=search&fm=organic&iid=e751e497-c45a-43be-846b-eb8c6cd04b9a.RFRFPJ8YCVHK6CFY.SEARCH&ppt=None&ppn=None&ssid=5fmlhzylhs0000001667799332118&qH=2be977f3ff92dd10,2022-11-07 11:05:32.513508+05:30
49O2W24S,Whirlpool 265 L Frost Free Double Door 3 Star Convertible Refrigerator,27829,35709,22% off,33,3,4,"['Inverter Compressor', 'Built-in Stabilizer', '1 Year on Product and 10 Years on Compressor From Whirlpool']",https://www.flipkart.com/whirlpool-265-l-frost-free-double-door-3-star-convertible-refrigerator/p/itm4b949167883a3?pid=RFRFQHMSAKRXAZZH&lid=LSTRFRFQHMSAKRXAZZHYOLBJF&marketplace=FLIPKART&q=fridge&store=j9e%2Fabm%2Fhzg&srno=s_9_194&otracker=search&otracker1=search&fm=organic&iid=e751e497-c45a-43be-846b-eb8c6cd04b9a.RFRFQHMSAKRXAZZH.SEARCH&ppt=None&ppn=None&ssid=5fmlhzylhs0000001667799332118&qH=2be977f3ff92dd10,2022-11-07 11:05:33.336302+05:30
QGAO4L25,Whirlpool 200 L Direct Cool Single Door 3 Star Refrigerator,20199,23550,14% off,0,0,0,"['inverter compressor', 'Built-in Stabilizer', '1 Years Comprehensive warranty 10 year compreser.']",https://www.flipkart.com/whirlpool-200-l-direct-cool-single-door-3-star-refrigerator/p/itm1f8becccb13e0?pid=RFRGGHCVYWYGDXGW&lid=LSTRFRGGHCVYWYGDXGWBPECDN&marketplace=FLIPKART&q=fridge&store=j9e%2Fabm%2Fhzg&srno=s_9_195&otracker=search&otracker1=search&fm=organic&iid=e751e497-c45a-43be-846b-eb8c6cd04b9a.RFRGGHCVYWYGDXGW.SEARCH&ppt=None&ppn=None&ssid=5fmlhzylhs0000001667799332118&qH=2be977f3ff92dd10,2022-11-07 11:05:34.208006+05:30
H4ZTW2CJ,Haier 192 L Direct Cool Single Door 3 Star Refrigerator,14290,19500,26% off,355,42,4.1,"['Reciprocating Compressor', 'Built-in Stabilizer', '1 Year Warranty on Product and 10 Years on Compressor']",https://www.flipkart.com/haier-192-l-direct-cool-single-door-3-star-refrigerator/p/itm9641b9ea7d075?pid=RFRGAYKFYWQSR8E4&lid=LSTRFRGAYKFYWQSR8E4TYF9Y4&marketplace=FLIPKART&q=fridge&store=j9e%2Fabm%2Fhzg&srno=s_9_196&otracker=search&otracker1=search&fm=organic&iid=e751e497-c45a-43be-846b-eb8c6cd04b9a.RFRGAYKFYWQSR8E4.SEARCH&ppt=None&ppn=None&ssid=5fmlhzylhs0000001667799332118&qH=2be977f3ff92dd10,2022-11-07 11:05:34.508769+05:30
ZJ5SJLCU,Whirlpool 190 L Direct Cool Single Door 2 Star Refrigerator,12990,15600,16% off,37835,3499,4.3,"['Normal Compressor', 'Built-in Stabilizer', '1 Year on Product and 10 Years on Compressor from Whirlpool']",https://www.flipkart.com/whirlpool-190-l-direct-cool-single-door-2-star-refrigerator/p/itmf6b4c3749b7e4?pid=RFRFZGFAGZUJTXWF&lid=LSTRFRFZGFAGZUJTXWFPDDAKA&marketplace=FLIPKART&q=fridge&store=j9e%2Fabm%2Fhzg&srno=s_9_197&otracker=search&otracker1=search&fm=organic&iid=en_CPLU1%2FAmCjZ4bNY5loQ2zy0vqSbhH9yE6QE7n%2BJLAmpifzq%2BmJPrZbwwNRNUwJ%2FCUxBERcvvxLbebUgcQtk5mQ%3D%3D&ppt=None&ppn=None&ssid=5fmlhzylhs0000001667799332118&qH=2be977f3ff92dd10,2022-11-07 11:05:34.808718+05:30
F2XOYRVZ,Whirlpool 240 L Frost Free Triple Door Refrigerator,27990,33250,15% off,30897,3819,4.4,"['Normal Compressor', 'Built-in Stabilizer', '1 Year Warranty on Product and 10 Years Warranty on Compressor from Whirlpool']",https://www.flipkart.com/whirlpool-240-l-frost-free-triple-door-refrigerator/p/itmf7z5vhfcxysvp?pid=RFRF3HZZZYTNKSCU&lid=LSTRFRF3HZZZYTNKSCUCOA9SO&marketplace=FLIPKART&q=fridge&store=j9e%2Fabm%2Fhzg&srno=s_9_198&otracker=search&otracker1=search&fm=organic&iid=en_CPLU1%2FAmCjZ4bNY5loQ2zy0vqSbhH9yE6QE7n%2BJLAmpEjm1nQ%2Fv4EFze%2FZsjEuJv7Rfr5RUYhX0WhJqwxOQvSg%3D%3D&ppt=None&ppn=None&ssid=5fmlhzylhs0000001667799332118&qH=2be977f3ff92dd10,2022-11-07 11:05:35.108149+05:30
RJNRW4RO,BOSCH 263 L Frost Free Double Door Top Mount 4 Star Refrigerator,34729,46290,24% off,0,0,0,"['VarioInverter', 'Built-in Stabilizer', '1 Year on Product']",https://www.flipkart.com/bosch-263-l-frost-free-double-door-top-mount-4-star-refrigerator/p/itmc55d9e5d2dbf9?pid=RFRGGNWQH3WWGRW9&lid=LSTRFRGGNWQH3WWGRW9CQGJUK&marketplace=FLIPKART&q=fridge&store=j9e%2Fabm%2Fhzg&srno=s_9_199&otracker=search&otracker1=search&fm=organic&iid=e751e497-c45a-43be-846b-eb8c6cd04b9a.RFRGGNWQH3WWGRW9.SEARCH&ppt=None&ppn=None&ssid=5fmlhzylhs0000001667799332118&qH=2be977f3ff92dd10,2022-11-07 11:05:35.425110+05:30
RS3G9INB,Whirlpool 325 L Frost Free Double Door Bottom Mount 3 Star Refrigerator,41740,43800,4% off,42,7,4,"['Intellisense Inverter Compressor', 'Built-in Stabilizer', '1 Year on Product and 10 Years on the Compressor from Whirlpool']",https://www.flipkart.com/whirlpool-325-l-frost-free-double-door-bottom-mount-3-star-refrigerator/p/itm7ca2a54d79425?pid=RFRFU3J6ENNNDPV3&lid=LSTRFRFU3J6ENNNDPV3ENHDS1&marketplace=FLIPKART&q=fridge&store=j9e%2Fabm%2Fhzg&srno=s_9_200&otracker=search&otracker1=search&fm=organic&iid=e751e497-c45a-43be-846b-eb8c6cd04b9a.RFRFU3J6ENNNDPV3.SEARCH&ppt=None&ppn=None&ssid=5fmlhzylhs0000001667799332118&qH=2be977f3ff92dd10,2022-11-07 11:05:36.315808+05:30
26E3T7XR,Whirlpool 190 L Direct Cool Single Door 3 Star Refrigerator with Base Drawer,16340,20450,20% off,820,91,4.3,"['Non Inverter Compressor', 'Built-in Stabilizer', '1 Year on Product and 10 Years on Compressor from Whirlpool']",https://www.flipkart.com/whirlpool-190-l-direct-cool-single-door-3-star-refrigerator-base-drawer/p/itm495a967730b3c?pid=RFRG4XR6ZDXBEMZR&lid=LSTRFRG4XR6ZDXBEMZRXQJ2DZ&marketplace=FLIPKART&q=fridge&store=j9e%2Fabm%2Fhzg&srno=s_9_201&otracker=search&otracker1=search&fm=organic&iid=en_CPLU1%2FAmCjZ4bNY5loQ2zy0vqSbhH9yE6QE7n%2BJLAmqi%2BCDhk1M5b6ay0H1FT5paCik8178uFvOyLd%2F99yHoOg%3D%3D&ppt=None&ppn=None&ssid=5fmlhzylhs0000001667799332118&qH=2be977f3ff92dd10,2022-11-07 11:05:36.624791+05:30
F62GF69V,Whirlpool 190 L Direct Cool Single Door 2 Star Refrigerator,13540,15900,14% off,37835,3499,4.3,"['Normal Compressor', 'Built-in Stabilizer', '1 Year on Product and 10 Years on Compressor from Whirlpool']",https://www.flipkart.com/whirlpool-190-l-direct-cool-single-door-2-star-refrigerator/p/itm23de1846cafca?pid=RFRFZGFANZJHN6SB&lid=LSTRFRFZGFANZJHN6SBRJ24IH&marketplace=FLIPKART&q=fridge&store=j9e%2Fabm%2Fhzg&srno=s_9_202&otracker=search&otracker1=search&fm=organic&iid=en_CPLU1%2FAmCjZ4bNY5loQ2zy0vqSbhH9yE6QE7n%2BJLAmozmJx3g9X%2B3U0mXV0Nl9Z4fG1q4G8NhosLJpsjXdZLzg%3D%3D&ppt=None&ppn=None&ssid=5fmlhzylhs0000001667799332118&qH=2be977f3ff92dd10,2022-11-07 11:05:37.012968+05:30
NLH49599,Haier 182 L Direct Cool Single Door 2 Star Refrigerator,13250,19000,30% off,347,31,4.4,"['Reciprocating Compressor', 'Built-in Stabilizer', '1 Year Warranty on Product and 10 Years on Compressor']",https://www.flipkart.com/haier-182-l-direct-cool-single-door-2-star-refrigerator/p/itm83b780176220a?pid=RFRGAYKFGEQMDAJ8&lid=LSTRFRGAYKFGEQMDAJ8VT97GX&marketplace=FLIPKART&q=fridge&store=j9e%2Fabm%2Fhzg&srno=s_9_203&otracker=search&otracker1=search&fm=organic&iid=e751e497-c45a-43be-846b-eb8c6cd04b9a.RFRGAYKFGEQMDAJ8.SEARCH&ppt=None&ppn=None&ssid=5fmlhzylhs0000001667799332118&qH=2be977f3ff92dd10,2022-11-07 11:05:37.358679+05:30
XDAFQ665,SAMSUNG 700 L Frost Free Side by Side Refrigerator,82440,89590,7% off,1060,104,4.4,"['Digital Inverter Compressor', 'Built-in Stabilizer', '1 Year Warranty on Product and 10 Years Warranty on Compressor from Samsung']",https://www.flipkart.com/samsung-700-l-frost-free-side-refrigerator/p/itmff5w6xhwz4wvn?pid=RFRFF5W6JGXWMXJQ&lid=LSTRFRFF5W6JGXWMXJQBSV7IA&marketplace=FLIPKART&q=fridge&store=j9e%2Fabm%2Fhzg&srno=s_9_204&otracker=search&otracker1=search&fm=organic&iid=e751e497-c45a-43be-846b-eb8c6cd04b9a.RFRFF5W6JGXWMXJQ.SEARCH&ppt=None&ppn=None&ssid=5fmlhzylhs0000001667799332118&qH=2be977f3ff92dd10,2022-11-07 11:05:37.680134+05:30
EL4WPVX1,SAMSUNG 415 L Frost Free Double Door 3 Star Convertible Refrigerator,45990,62990,26% off,74,7,4.3,"['Digital Inverter Compressor', 'Built-in Stabilizer', '1 year comprehensive warranty on product, 10 years on compressor']",https://www.flipkart.com/samsung-415-l-frost-free-double-door-3-star-convertible-refrigerator/p/itmc558d557c3bfb?pid=RFRGEG5VHPRUFKCZ&lid=LSTRFRGEG5VHPRUFKCZ9IG5H1&marketplace=FLIPKART&q=fridge&store=j9e%2Fabm%2Fhzg&srno=s_9_205&otracker=search&otracker1=search&fm=organic&iid=e751e497-c45a-43be-846b-eb8c6cd04b9a.RFRGEG5VHPRUFKCZ.SEARCH&ppt=None&ppn=None&ssid=5fmlhzylhs0000001667799332118&qH=2be977f3ff92dd10,2022-11-07 11:05:38.582952+05:30
SRIRL27T,BOSCH 290 L Frost Free Double Door 4 Star Convertible Refrigerator,42990,50690,15% off,13,0,4.5,"['Vario Inverter Compressor', 'Built-in Stabilizer', '1 Year on Product and 10 Years on Compressor from the Date of Purchase']",https://www.flipkart.com/bosch-290-l-frost-free-double-door-4-star-convertible-refrigerator/p/itm05f1825e5575c?pid=RFRGAXGFRCH8G7MJ&lid=LSTRFRGAXGFRCH8G7MJZTWW1U&marketplace=FLIPKART&q=fridge&store=j9e%2Fabm%2Fhzg&srno=s_9_206&otracker=search&otracker1=search&fm=organic&iid=e751e497-c45a-43be-846b-eb8c6cd04b9a.RFRGAXGFRCH8G7MJ.SEARCH&ppt=None&ppn=None&ssid=5fmlhzylhs0000001667799332118&qH=2be977f3ff92dd10,2022-11-07 11:05:38.931595+05:30
DCTRJUDD,Whirlpool 300 L Frost Free Triple Door Refrigerator,34390,43950,21% off,30897,3819,4.4,"['Normal Compressor', 'Built-in Stabilizer', '1 Year Warranty on Product and 10 Years on Compressor From Whirlpool']",https://www.flipkart.com/whirlpool-300-l-frost-free-triple-door-refrigerator/p/itmexbvqq3h9zyz2?pid=RFRDZEQ7FYQ5QTSN&lid=LSTRFRDZEQ7FYQ5QTSNHFAVDN&marketplace=FLIPKART&q=fridge&store=j9e%2Fabm%2Fhzg&srno=s_9_207&otracker=search&otracker1=search&fm=organic&iid=en_CPLU1%2FAmCjZ4bNY5loQ2zy0vqSbhH9yE6QE7n%2BJLAmozi6%2BKHYA9D%2FS47VGA7%2FeRDo5XXw04e34i8rC9wk%2FwUA%3D%3D&ppt=None&ppn=None&ssid=5fmlhzylhs0000001667799332118&qH=2be977f3ff92dd10,2022-11-07 11:05:39.222331+05:30
F57BJCPP,Whirlpool 190 L Direct Cool Single Door 3 Star Refrigerator with Base Drawer,16340,19500,16% off,444,34,4.3,"['Non Inverter Compressor', 'Built-in Stabilizer', '1 Year on Product and 10 Years on Compressor from Whirlpool']",https://www.flipkart.com/whirlpool-190-l-direct-cool-single-door-3-star-refrigerator-base-drawer/p/itmd625ad7498750?pid=RFRG4XR6FXK3XANH&lid=LSTRFRG4XR6FXK3XANH2QMZGI&marketplace=FLIPKART&q=fridge&store=j9e%2Fabm%2Fhzg&srno=s_9_208&otracker=search&otracker1=search&fm=organic&iid=en_CPLU1%2FAmCjZ4bNY5loQ2zy0vqSbhH9yE6QE7n%2BJLAmoxw7FG8ylmS7A34wRTzJAUMGzOfXGzGk9IKwrcXp9P4A%3D%3D&ppt=None&ppn=None&ssid=5fmlhzylhs0000001667799332118&qH=2be977f3ff92dd10,2022-11-07 11:05:39.563259+05:30
3K4UJ75H,LG 360 L Frost Free Double Door 3 Star Convertible Refrigerator  with Smart Inverter Technology & Wi-F...,45990,57599,20% off,30,3,4.5,"['Smart Inverter Compressor', 'Built-in Stabilizer', '1 Year Warranty on Product and 10 Years Warranty on Compressor']",https://www.flipkart.com/lg-360-l-frost-free-double-door-3-star-convertible-refrigerator-smart-inverter-technology-wi-fi-cooling/p/itm02a68e1cc23f8?pid=RFRGDK5HHJ5WSUBM&lid=LSTRFRGDK5HHJ5WSUBMP5EPXG&marketplace=FLIPKART&q=fridge&store=j9e%2Fabm%2Fhzg&srno=s_9_209&otracker=search&otracker1=search&fm=organic&iid=e751e497-c45a-43be-846b-eb8c6cd04b9a.RFRGDK5HHJ5WSUBM.SEARCH&ppt=None&ppn=None&ssid=5fmlhzylhs0000001667799332118&qH=2be977f3ff92dd10,2022-11-07 11:05:39.863362+05:30
DEHBDT8R,"SAMSUNG 192 L Direct Cool Single Door 4 Star Refrigerator  with Digi Touch Cool, Curd Maestro",18000,20990,14% off,774,87,4.4,"['Digital Inverter Compressor', 'Built-in Stabilizer', '1 Year on Product and 10 Years on Compressor From Samsung']",https://www.flipkart.com/samsung-192-l-direct-cool-single-door-4-star-refrigerator-digi-touch-cool-curd-maestro/p/itm88b7cf627b21c?pid=RFRFZKEUPJNDZFEY&lid=LSTRFRFZKEUPJNDZFEY08LQQQ&marketplace=FLIPKART&q=fridge&store=j9e%2Fabm%2Fhzg&srno=s_9_210&otracker=search&otracker1=search&fm=organic&iid=e751e497-c45a-43be-846b-eb8c6cd04b9a.RFRFZKEUPJNDZFEY.SEARCH&ppt=None&ppn=None&ssid=5fmlhzylhs0000001667799332118&qH=2be977f3ff92dd10,2022-11-07 11:05:40.653715+05:30
JYQ66794,Whirlpool 190 L Direct Cool Single Door 2 Star Refrigerator,13540,16500,17% off,37835,3499,4.3,"['Normal Compressor', 'Built-in Stabilizer', '1 Year on Product and 10 Years on Compressor from Whirlpool']",https://www.flipkart.com/whirlpool-190-l-direct-cool-single-door-2-star-refrigerator/p/itm823c53fcf0200?pid=RFRFZGFADYS3UTBG&lid=LSTRFRFZGFADYS3UTBGFVSNUE&marketplace=FLIPKART&q=fridge&store=j9e%2Fabm%2Fhzg&srno=s_9_211&otracker=search&otracker1=search&fm=organic&iid=en_CPLU1%2FAmCjZ4bNY5loQ2zy0vqSbhH9yE6QE7n%2BJLAmqo31q4bJojrDA9CRGJBZto6VmDAgCf6DMckC1h3ZnRZg%3D%3D&ppt=None&ppn=None&ssid=5fmlhzylhs0000001667799332118&qH=2be977f3ff92dd10,2022-11-07 11:05:40.958646+05:30
LEH3FT29,Whirlpool 190 L Direct Cool Single Door 3 Star Refrigerator,15340,18000,14% off,622,47,4.3,"['Non Inverter Compressor', 'Built-in Stabilizer', '1 Year on Product and 10 Years on Compressor from Whirlpool']",https://www.flipkart.com/whirlpool-190-l-direct-cool-single-door-3-star-refrigerator/p/itmc4870feb17803?pid=RFRG4XR689KTY9QT&lid=LSTRFRG4XR689KTY9QTJUWMVD&marketplace=FLIPKART&q=fridge&store=j9e%2Fabm%2Fhzg&srno=s_9_212&otracker=search&otracker1=search&fm=organic&iid=en_CPLU1%2FAmCjZ4bNY5loQ2zy0vqSbhH9yE6QE7n%2BJLAmrqqV1Wuv4udzknqyhP4WwZSnPWXWX2eFur1r0QMwaKtQ%3D%3D&ppt=None&ppn=None&ssid=5fmlhzylhs0000001667799332118&qH=2be977f3ff92dd10,2022-11-07 11:05:41.270783+05:30
POZTYPU0,Godrej 260 L Frost Free Double Door 2 Star Refrigerator,23990,26500,9% off,0,0,0,"['Inverter Compressor', 'Built-in Stabilizer', '1 Year Warranty on Product and 10 Years Warranty on Compressor']",https://www.flipkart.com/godrej-260-l-frost-free-double-door-2-star-refrigerator/p/itmf10f0ea72e60a?pid=RFRFZBEETTHSM8RZ&lid=LSTRFRFZBEETTHSM8RZ1TLBM4&marketplace=FLIPKART&q=fridge&store=j9e%2Fabm%2Fhzg&srno=s_9_213&otracker=search&otracker1=search&fm=organic&iid=e751e497-c45a-43be-846b-eb8c6cd04b9a.RFRFZBEETTHSM8RZ.SEARCH&ppt=None&ppn=None&ssid=5fmlhzylhs0000001667799332118&qH=2be977f3ff92dd10,2022-11-07 11:05:41.621515+05:30
7DHM6L2J,LG 204 L Direct Cool Single Door 5 Star Refrigerator with Base Drawer,19990,26000,23% off,16,0,4.4,"['Smart Inverter Compressor', 'Built-in Stabilizer', '1 Year Warranty on Product and 10 Years Warranty on Compressor From LG']",https://www.flipkart.com/lg-204-l-direct-cool-single-door-5-star-refrigerator-base-drawer/p/itma0ea46ce30e5e?pid=RFRGG45TTXZFHR8W&lid=LSTRFRGG45TTXZFHR8WMRENJR&marketplace=FLIPKART&q=fridge&store=j9e%2Fabm%2Fhzg&srno=s_9_214&otracker=search&otracker1=search&fm=organic&iid=e751e497-c45a-43be-846b-eb8c6cd04b9a.RFRGG45TTXZFHR8W.SEARCH&ppt=None&ppn=None&ssid=5fmlhzylhs0000001667799332118&qH=2be977f3ff92dd10,2022-11-07 11:05:42.426052+05:30
ED2WYOX1,LG 284 L Frost Free Double Door 2 Star Convertible Refrigerator,32200,37690,14% off,6,2,4.8,"['Smart Inverter Compressor', 'Built-in Stabilizer', '1 Year Warranty on Product and 10 Years on Compressor from LG']",https://www.flipkart.com/lg-284-l-frost-free-double-door-2-star-convertible-refrigerator/p/itme4c10ece26595?pid=RFRG6GHVEGFJDVRG&lid=LSTRFRG6GHVEGFJDVRG2UGONR&marketplace=FLIPKART&q=fridge&store=j9e%2Fabm%2Fhzg&srno=s_9_215&otracker=search&otracker1=search&fm=organic&iid=e751e497-c45a-43be-846b-eb8c6cd04b9a.RFRG6GHVEGFJDVRG.SEARCH&ppt=None&ppn=None&ssid=5fmlhzylhs0000001667799332118&qH=2be977f3ff92dd10,2022-11-07 11:05:42.744348+05:30
I1WZ7IPT,LG 308 L Frost Free Double Door 3 Star Convertible Refrigerator  with Smart Inverter With Multi Air Fl...,36890,48199,23% off,23,1,4,"['Smart Inverter Compressor', 'Built-in Stabilizer', '1 Year Warranty on Product and 10 Years Warranty on Compressor From LG']",https://www.flipkart.com/lg-308-l-frost-free-double-door-3-star-convertible-refrigerator-smart-inverter-multi-air-flow-cooling-connect-deodorizer/p/itm8a9a44d13b417?pid=RFRGGHUCTMXUHGDJ&lid=LSTRFRGGHUCTMXUHGDJX7HLQP&marketplace=FLIPKART&q=fridge&store=j9e%2Fabm%2Fhzg&srno=s_9_216&otracker=search&otracker1=search&fm=organic&iid=e751e497-c45a-43be-846b-eb8c6cd04b9a.RFRGGHUCTMXUHGDJ.SEARCH&ppt=None&ppn=None&ssid=5fmlhzylhs0000001667799332118&qH=2be977f3ff92dd10,2022-11-07 11:05:43.047286+05:30
R0AL4GPV,Whirlpool 190 L Direct Cool Single Door 2 Star Refrigerator,12990,15600,16% off,37835,3499,4.3,"['Normal Compressor', 'Built-in Stabilizer', '1 Year on Product and 10 Years on Compressor from Whirlpool']",https://www.flipkart.com/whirlpool-190-l-direct-cool-single-door-2-star-refrigerator/p/itmf6b4c3749b7e4?pid=RFRFZGFAGZUJTXWF&lid=LSTRFRFZGFAGZUJTXWFPDDAKA&marketplace=FLIPKART&q=fridge&store=j9e%2Fabm%2Fhzg&srno=s_10_217&otracker=search&otracker1=search&fm=organic&iid=en_bdv4Z8TSdQgHrWCfzuisWTLoUvLP7BQNX1Px3ZPEB8WAVTpv7J0xgCMUEaSlfQVuUxBERcvvxLbebUgcQtk5mQ%3D%3D&ppt=None&ppn=None&ssid=catsuvwjls0000001667799344310&qH=2be977f3ff92dd10,2022-11-07 11:05:44.178126+05:30
B6X7AAPC,Whirlpool 190 L Direct Cool Single Door 3 Star Refrigerator with Base Drawer,16340,20450,20% off,820,91,4.3,"['Non Inverter Compressor', 'Built-in Stabilizer', '1 Year on Product and 10 Years on Compressor from Whirlpool']",https://www.flipkart.com/whirlpool-190-l-direct-cool-single-door-3-star-refrigerator-base-drawer/p/itm495a967730b3c?pid=RFRG4XR6ZDXBEMZR&lid=LSTRFRG4XR6ZDXBEMZRXQJ2DZ&marketplace=FLIPKART&q=fridge&store=j9e%2Fabm%2Fhzg&srno=s_10_218&otracker=search&otracker1=search&fm=organic&iid=en_bdv4Z8TSdQgHrWCfzuisWTLoUvLP7BQNX1Px3ZPEB8X7X3rtw98HLXjq2Pud5c00Cik8178uFvOyLd%2F99yHoOg%3D%3D&ppt=None&ppn=None&ssid=catsuvwjls0000001667799344310&qH=2be977f3ff92dd10,2022-11-07 11:05:44.492075+05:30
V3IU94W0,"LG 190 L Direct Cool Single Door 5 Star Refrigerator  with Smart Inverter With Smart Connect, Moist 'N...",18990,23299,18% off,29,1,4.1,"['Smart Inverter Compressor', 'Built-in Stabilizer', '1 Year Warranty on Product and 10 Years Warranty on Compressor From LG']",https://www.flipkart.com/lg-190-l-direct-cool-single-door-5-star-refrigerator-smart-inverter-connect-moist-n-fresh/p/itm3750438eb0295?pid=RFRGGKS3GHVGKJDH&lid=LSTRFRGGKS3GHVGKJDHSGISCI&marketplace=FLIPKART&q=fridge&store=j9e%2Fabm%2Fhzg&srno=s_10_219&otracker=search&otracker1=search&fm=organic&iid=120fb2c7-5c41-49fa-ae13-c12eb6d19ad9.RFRGGKS3GHVGKJDH.SEARCH&ppt=None&ppn=None&ssid=catsuvwjls0000001667799344310&qH=2be977f3ff92dd10,2022-11-07 11:05:45.342531+05:30
RU3YGS4I,"LG 260 L Frost Free Double Door 1 Star Refrigerator  with Smart Inverter With Multi Air Flow Cooling ,...",24990,27290,8% off,61,4,4.3,"['Smart Inverter Compressor', 'Built-in Stabilizer', '1 Year Warranty on Product and 10 Years Warranty on Compressor From LG']",https://www.flipkart.com/lg-260-l-frost-free-double-door-1-star-refrigerator-smart-inverter-multi-air-flow-cooling-smart-connect-humidity-controller/p/itm83718e54a83ee?pid=RFRGGHUCFJWXHUU5&lid=LSTRFRGGHUCFJWXHUU5CWX5IQ&marketplace=FLIPKART&q=fridge&store=j9e%2Fabm%2Fhzg&srno=s_10_220&otracker=search&otracker1=search&fm=organic&iid=120fb2c7-5c41-49fa-ae13-c12eb6d19ad9.RFRGGHUCFJWXHUU5.SEARCH&ppt=None&ppn=None&ssid=catsuvwjls0000001667799344310&qH=2be977f3ff92dd10,2022-11-07 11:05:45.642812+05:30
82R0ATUX,Whirlpool 190 L Direct Cool Single Door 2 Star Refrigerator,13540,15900,14% off,37835,3499,4.3,"['Normal Compressor', 'Built-in Stabilizer', '1 Year on Product and 10 Years on Compressor from Whirlpool']",https://www.flipkart.com/whirlpool-190-l-direct-cool-single-door-2-star-refrigerator/p/itm23de1846cafca?pid=RFRFZGFANZJHN6SB&lid=LSTRFRFZGFANZJHN6SBRJ24IH&marketplace=FLIPKART&q=fridge&store=j9e%2Fabm%2Fhzg&srno=s_10_221&otracker=search&otracker1=search&fm=organic&iid=en_bdv4Z8TSdQgHrWCfzuisWTLoUvLP7BQNX1Px3ZPEB8VpAH4YGB1lVLPM7lQYchhLfG1q4G8NhosLJpsjXdZLzg%3D%3D&ppt=None&ppn=None&ssid=catsuvwjls0000001667799344310&qH=2be977f3ff92dd10,2022-11-07 11:05:45.946673+05:30
LJK7EBSR,Whirlpool 190 L Direct Cool Single Door 3 Star Refrigerator with Base Drawer,16340,19500,16% off,444,34,4.3,"['Non Inverter Compressor', 'Built-in Stabilizer', '1 Year on Product and 10 Years on Compressor from Whirlpool']",https://www.flipkart.com/whirlpool-190-l-direct-cool-single-door-3-star-refrigerator-base-drawer/p/itmd625ad7498750?pid=RFRG4XR6FXK3XANH&lid=LSTRFRG4XR6FXK3XANH2QMZGI&marketplace=FLIPKART&q=fridge&store=j9e%2Fabm%2Fhzg&srno=s_10_222&otracker=search&otracker1=search&fm=organic&iid=en_bdv4Z8TSdQgHrWCfzuisWTLoUvLP7BQNX1Px3ZPEB8X9e03r%2Fzvh1NgZrcz4gYD2MGzOfXGzGk9IKwrcXp9P4A%3D%3D&ppt=None&ppn=None&ssid=catsuvwjls0000001667799344310&qH=2be977f3ff92dd10,2022-11-07 11:05:46.250513+05:30
2P4SMXHG,LG 360 L Frost Free Double Door 3 Star Convertible Refrigerator,44490,50390,11% off,300,45,4.5,"['Inverter Linear Compressor', 'Built-in Stabilizer', '1 Year Warranty on Product and 10 Years on Compressor From LG']",https://www.flipkart.com/lg-360-l-frost-free-double-door-3-star-convertible-refrigerator/p/itmef0ce3f172670?pid=RFRFPYDE4GNNBGRC&lid=LSTRFRFPYDE4GNNBGRCNAJIAP&marketplace=FLIPKART&q=fridge&store=j9e%2Fabm%2Fhzg&srno=s_10_223&otracker=search&otracker1=search&fm=organic&iid=120fb2c7-5c41-49fa-ae13-c12eb6d19ad9.RFRFPYDE4GNNBGRC.SEARCH&ppt=None&ppn=None&ssid=catsuvwjls0000001667799344310&qH=2be977f3ff92dd10,2022-11-07 11:05:46.712715+05:30
JAIIS7ES,SAMSUNG 198 L Direct Cool Single Door 5 Star Refrigerator with Base Drawer,19059,24157,21% off,22,3,4.3,"['Digital Inverter Compressor', 'Built-in Stabilizer', '1 Year Warranty on Product and 10 Years Warranty on Compressor From Samsung']",https://www.flipkart.com/samsung-198-l-direct-cool-single-door-5-star-refrigerator-base-drawer/p/itm8987cb25b4e5b?pid=RFRGGUUZCGFSGWTE&lid=LSTRFRGGUUZCGFSGWTED3Q461&marketplace=FLIPKART&q=fridge&store=j9e%2Fabm%2Fhzg&srno=s_10_224&otracker=search&otracker1=search&fm=organic&iid=120fb2c7-5c41-49fa-ae13-c12eb6d19ad9.RFRGGUUZCGFSGWTE.SEARCH&ppt=None&ppn=None&ssid=catsuvwjls0000001667799344310&qH=2be977f3ff92dd10,2022-11-07 11:05:47.550505+05:30
KAYLTDJR,SAMSUNG 253 L Frost Free Double Door 2 Star Refrigerator with Base Drawer,26890,32490,17% off,0,0,0,"['Digital Inverter Compressor', 'Built-in Stabilizer', '1 Year Warranty on Product, 10 Years Warranty on Compressor']",https://www.flipkart.com/samsung-253-l-frost-free-double-door-2-star-refrigerator-base-drawer/p/itm1a01e9f9e76ae?pid=RFRGFJT2BXHK87UC&lid=LSTRFRGFJT2BXHK87UC8B9TPK&marketplace=FLIPKART&q=fridge&store=j9e%2Fabm%2Fhzg&srno=s_10_225&otracker=search&otracker1=search&fm=organic&iid=120fb2c7-5c41-49fa-ae13-c12eb6d19ad9.RFRGFJT2BXHK87UC.SEARCH&ppt=None&ppn=None&ssid=catsuvwjls0000001667799344310&qH=2be977f3ff92dd10,2022-11-07 11:05:48.360313+05:30
9PJZNHYZ,Whirlpool 340 L Frost Free Double Door 2 Star Convertible Refrigerator,34990,45250,22% off,131,13,4.2,"['Intellisense Inverter Compressor', 'Built-in Stabilizer', '1 Year Warranty on Product, 10 Years Warranty on Compressor']",https://www.flipkart.com/whirlpool-340-l-frost-free-double-door-2-star-convertible-refrigerator/p/itm2f39347f3204d?pid=RFRGCUF4KYHUZSA9&lid=LSTRFRGCUF4KYHUZSA9QUFLTI&marketplace=FLIPKART&q=fridge&store=j9e%2Fabm%2Fhzg&srno=s_10_226&otracker=search&otracker1=search&fm=organic&iid=120fb2c7-5c41-49fa-ae13-c12eb6d19ad9.RFRGCUF4KYHUZSA9.SEARCH&ppt=None&ppn=None&ssid=catsuvwjls0000001667799344310&qH=2be977f3ff92dd10,2022-11-07 11:05:48.678675+05:30
G6ZOXXCK,Whirlpool 190 L Direct Cool Single Door 2 Star Refrigerator,13540,16500,17% off,37835,3499,4.3,"['Normal Compressor', 'Built-in Stabilizer', '1 Year on Product and 10 Years on Compressor from Whirlpool']",https://www.flipkart.com/whirlpool-190-l-direct-cool-single-door-2-star-refrigerator/p/itm823c53fcf0200?pid=RFRFZGFADYS3UTBG&lid=LSTRFRFZGFADYS3UTBGFVSNUE&marketplace=FLIPKART&q=fridge&store=j9e%2Fabm%2Fhzg&srno=s_10_227&otracker=search&otracker1=search&fm=organic&iid=en_bdv4Z8TSdQgHrWCfzuisWTLoUvLP7BQNX1Px3ZPEB8Xg7FUnxOpq37zvQWN5fphb6VmDAgCf6DMckC1h3ZnRZg%3D%3D&ppt=None&ppn=None&ssid=catsuvwjls0000001667799344310&qH=2be977f3ff92dd10,2022-11-07 11:05:49.017130+05:30
7B89RVY2,Whirlpool 190 L Direct Cool Single Door 3 Star Refrigerator,15340,18000,14% off,622,47,4.3,"['Non Inverter Compressor', 'Built-in Stabilizer', '1 Year on Product and 10 Years on Compressor from Whirlpool']",https://www.flipkart.com/whirlpool-190-l-direct-cool-single-door-3-star-refrigerator/p/itmc4870feb17803?pid=RFRG4XR689KTY9QT&lid=LSTRFRG4XR689KTY9QTJUWMVD&marketplace=FLIPKART&q=fridge&store=j9e%2Fabm%2Fhzg&srno=s_10_228&otracker=search&otracker1=search&fm=organic&iid=en_bdv4Z8TSdQgHrWCfzuisWTLoUvLP7BQNX1Px3ZPEB8Wq9LweLfRZBaKvQk6Zpg8RSnPWXWX2eFur1r0QMwaKtQ%3D%3D&ppt=None&ppn=None&ssid=catsuvwjls0000001667799344310&qH=2be977f3ff92dd10,2022-11-07 11:05:49.316951+05:30
OLOCRCL0,Whirlpool 200 L Direct Cool Single Door 3 Star Refrigerator,16350,18100,9% off,69,5,4.3,"['Digital Compressor', 'Built-in Stabilizer', '1 Year Warranty on Product and 10 Years Warranty on Compressor from Whirlpool']",https://www.flipkart.com/whirlpool-200-l-direct-cool-single-door-3-star-refrigerator/p/itmc324ddb07a052?pid=RFRFQGESZ4Q6PHBJ&lid=LSTRFRFQGESZ4Q6PHBJSOXSEB&marketplace=FLIPKART&q=fridge&store=j9e%2Fabm%2Fhzg&srno=s_10_229&otracker=search&otracker1=search&fm=organic&iid=120fb2c7-5c41-49fa-ae13-c12eb6d19ad9.RFRFQGESZ4Q6PHBJ.SEARCH&ppt=None&ppn=None&ssid=catsuvwjls0000001667799344310&qH=2be977f3ff92dd10,2022-11-07 11:05:50.120671+05:30
5P9FVWJF,BOSCH 263 L Frost Free Double Door Top Mount 3 Star Refrigerator,32990,42390,22% off,0,0,0,"['VarioInverter', 'Built-in Stabilizer', '1 Year on Product']",https://www.flipkart.com/bosch-263-l-frost-free-double-door-top-mount-3-star-refrigerator/p/itmbfc26a44c44b2?pid=RFRGGPFTHBRD5FYM&lid=LSTRFRGGPFTHBRD5FYMIBS5YR&marketplace=FLIPKART&q=fridge&store=j9e%2Fabm%2Fhzg&srno=s_10_230&otracker=search&otracker1=search&fm=organic&iid=120fb2c7-5c41-49fa-ae13-c12eb6d19ad9.RFRGGPFTHBRD5FYM.SEARCH&ppt=None&ppn=None&ssid=catsuvwjls0000001667799344310&qH=2be977f3ff92dd10,2022-11-07 11:05:50.961809+05:30
RLJ6YSY3,Whirlpool 190 L Direct Cool Single Door 3 Star Refrigerator,15340,17600,12% off,1327,122,4.2,"['Non Inverter Compressor', 'Built-in Stabilizer', '1 Year on Product and 10 Years on Compressor from Whirlpool']",https://www.flipkart.com/whirlpool-190-l-direct-cool-single-door-3-star-refrigerator/p/itm600cc6ce9ae49?pid=RFRG4XR6QNSM6X5H&lid=LSTRFRG4XR6QNSM6X5HUWM1ZO&marketplace=FLIPKART&q=fridge&store=j9e%2Fabm%2Fhzg&srno=s_10_231&otracker=search&otracker1=search&fm=organic&iid=en_bdv4Z8TSdQgHrWCfzuisWTLoUvLP7BQNX1Px3ZPEB8WneH8crsnOVsTBG547vTV%2B3RgyFZzsE5Uq1sCzOjbMWg%3D%3D&ppt=None&ppn=None&ssid=catsuvwjls0000001667799344310&qH=2be977f3ff92dd10,2022-11-07 11:05:51.249674+05:30
DATY500A,Whirlpool 190 L Direct Cool Single Door 3 Star Refrigerator,14640,17000,13% off,37835,3499,4.3,"['Normal Compressor', 'Built-in Stabilizer', '1 Year on Product and 10 Years on Compressor from Whirlpool']",https://www.flipkart.com/whirlpool-190-l-direct-cool-single-door-3-star-refrigerator/p/itmafa0a476dffe1?pid=RFRFZGFAHQ7VQXZF&lid=LSTRFRFZGFAHQ7VQXZFLUB4OV&marketplace=FLIPKART&q=fridge&store=j9e%2Fabm%2Fhzg&srno=s_10_232&otracker=search&otracker1=search&fm=organic&iid=en_bdv4Z8TSdQgHrWCfzuisWTLoUvLP7BQNX1Px3ZPEB8V1lA1r0hwLTq71p7irWRga9id%2Byr2a%2Frjl%2FtNWn3LZxQ%3D%3D&ppt=None&ppn=None&ssid=catsuvwjls0000001667799344310&qH=2be977f3ff92dd10,2022-11-07 11:05:51.550467+05:30
ZX6AI58O,Whirlpool 245 L Frost Free Double Door 2 Star Refrigerator,24390,30200,19% off,823,84,4.2,"['Reciprocating Compressor', '1 Year on Product and 10 Years on the Compressor from Whirlpool']",https://www.flipkart.com/whirlpool-245-l-frost-free-double-door-2-star-refrigerator/p/itmb2210bbc5f6c0?pid=RFRFYV7BSJDFXKEF&lid=LSTRFRFYV7BSJDFXKEFRXPYM1&marketplace=FLIPKART&q=fridge&store=j9e%2Fabm%2Fhzg&srno=s_10_233&otracker=search&otracker1=search&fm=organic&iid=120fb2c7-5c41-49fa-ae13-c12eb6d19ad9.RFRFYV7BSJDFXKEF.SEARCH&ppt=None&ppn=None&ssid=catsuvwjls0000001667799344310&qH=2be977f3ff92dd10,2022-11-07 11:05:51.893474+05:30
UMU597ZR,SAMSUNG 415 L Frost Free Double Door 2 Star Refrigerator,43790,61990,29% off,6,1,3.7,"['Digital Inverter Compressor', 'Built-in Stabilizer', '1 Year Manufacturer Comprehensive Warranty and 10 Years on Compressor']",https://www.flipkart.com/samsung-415-l-frost-free-double-door-2-star-refrigerator/p/itm84ea60d6644f4?pid=RFRGDUP8YBECB9FG&lid=LSTRFRGDUP8YBECB9FGMJAM7W&marketplace=FLIPKART&q=fridge&store=j9e%2Fabm%2Fhzg&srno=s_10_234&otracker=search&otracker1=search&fm=organic&iid=120fb2c7-5c41-49fa-ae13-c12eb6d19ad9.RFRGDUP8YBECB9FG.SEARCH&ppt=None&ppn=None&ssid=catsuvwjls0000001667799344310&qH=2be977f3ff92dd10,2022-11-07 11:05:52.245666+05:30
DZ7R04S2,Whirlpool 190 L Direct Cool Single Door 3 Star Refrigerator,15040,16900,11% off,13943,1494,4.3,"['DC Inverter Compressor', 'Built-in Stabilizer', '1 Year on Product and 10 Years on Compressor From Whirlpool']",https://www.flipkart.com/whirlpool-190-l-direct-cool-single-door-3-star-refrigerator/p/itm49f72bb60efe4?pid=RFRFZVTWUU9PWTRH&lid=LSTRFRFZVTWUU9PWTRHWQQRG2&marketplace=FLIPKART&q=fridge&store=j9e%2Fabm%2Fhzg&srno=s_10_235&otracker=search&otracker1=search&fm=organic&iid=120fb2c7-5c41-49fa-ae13-c12eb6d19ad9.RFRFZVTWUU9PWTRH.SEARCH&ppt=None&ppn=None&ssid=catsuvwjls0000001667799344310&qH=2be977f3ff92dd10,2022-11-07 11:05:53.042645+05:30
T5G03N3S,Haier 460 L Frost Free Double Door Bottom Mount 3 Star Refrigerator,47990,79990,40% off,0,0,0,"['VETB90L(new driver PCB)', '1 Year Warranty on Product']",https://www.flipkart.com/haier-460-l-frost-free-double-door-bottom-mount-3-star-refrigerator/p/itmd9c0b750b2cf1?pid=RFRGGAZYRJNSYZ6N&lid=LSTRFRGGAZYRJNSYZ6N0NJFTP&marketplace=FLIPKART&q=fridge&store=j9e%2Fabm%2Fhzg&srno=s_10_236&otracker=search&otracker1=search&fm=organic&iid=120fb2c7-5c41-49fa-ae13-c12eb6d19ad9.RFRGGAZYRJNSYZ6N.SEARCH&ppt=None&ppn=None&ssid=catsuvwjls0000001667799344310&qH=2be977f3ff92dd10,2022-11-07 11:05:53.399644+05:30
1XO0DKKS,Whirlpool 190 L Direct Cool Single Door 3 Star Refrigerator,14640,18700,21% off,37835,3499,4.3,"['Normal Compressor', 'Built-in Stabilizer', '1 Year on Product and 10 Years on Compressor from Whirlpool']",https://www.flipkart.com/whirlpool-190-l-direct-cool-single-door-3-star-refrigerator/p/itm94a1658747a65?pid=RFRFZGFAFJAANRWP&lid=LSTRFRFZGFAFJAANRWPKN0PYK&marketplace=FLIPKART&q=fridge&store=j9e%2Fabm%2Fhzg&srno=s_10_237&otracker=search&otracker1=search&fm=organic&iid=en_bdv4Z8TSdQgHrWCfzuisWTLoUvLP7BQNX1Px3ZPEB8WsglefTPSSgY1Dt%2FmOyC4IQ99ZbiOJ%2Bg96C1A41aEjrQ%3D%3D&ppt=None&ppn=None&ssid=catsuvwjls0000001667799344310&qH=2be977f3ff92dd10,2022-11-07 11:05:53.718689+05:30
LJ5OWBJY,Whirlpool 190 L Direct Cool Single Door 3 Star Refrigerator,14000,18700,25% off,37835,3499,4.3,"['Normal Compressor', 'Built-in Stabilizer', '1 Year on Product and 10 Years on Compressor from Whirlpool']",https://www.flipkart.com/whirlpool-190-l-direct-cool-single-door-3-star-refrigerator/p/itmf8e85786b09ef?pid=RFRFZGFAMXNUREWN&lid=LSTRFRFZGFAMXNUREWN3V8KEL&marketplace=FLIPKART&q=fridge&store=j9e%2Fabm%2Fhzg&srno=s_10_238&otracker=search&otracker1=search&fm=organic&iid=en_bdv4Z8TSdQgHrWCfzuisWTLoUvLP7BQNX1Px3ZPEB8W2x9YiVu%2FKsTh4AFiDYzzcMS96o%2BR53YD60lqIk4fxYw%3D%3D&ppt=None&ppn=None&ssid=catsuvwjls0000001667799344310&qH=2be977f3ff92dd10,2022-11-07 11:05:54.021698+05:30
KW9VHK0J,SAMSUNG 198 L Direct Cool Single Door 4 Star Refrigerator with Base Drawer,17799,20990,15% off,7,1,4.1,"['Digital Inverter Compressor', 'Built-in Stabilizer', '1 Year Warranty on Product and 10 Years on Compressor from Samsung']",https://www.flipkart.com/samsung-198-l-direct-cool-single-door-4-star-refrigerator-base-drawer/p/itma657fbfb2f548?pid=RFRG5VFEE9TGHKFU&lid=LSTRFRG5VFEE9TGHKFUS1KTPF&marketplace=FLIPKART&q=fridge&store=j9e%2Fabm%2Fhzg&srno=s_10_239&otracker=search&otracker1=search&fm=organic&iid=120fb2c7-5c41-49fa-ae13-c12eb6d19ad9.RFRG5VFEE9TGHKFU.SEARCH&ppt=None&ppn=None&ssid=catsuvwjls0000001667799344310&qH=2be977f3ff92dd10,2022-11-07 11:05:54.470343+05:30
SRLCXLCA,LG 270 L Direct Cool Single Door 3 Star Refrigerator,23390,27047,13% off,393,54,4.3,"['Inverter Compressor', 'Built-in Stabilizer', '1 Year on Refrigerator Unit and 10 Years on Compressor from LG']",https://www.flipkart.com/lg-270-l-direct-cool-single-door-3-star-refrigerator/p/itm3cf8bc65edd4d?pid=RFRFZSH9BCN9ANAP&lid=LSTRFRFZSH9BCN9ANAPD1GPQK&marketplace=FLIPKART&q=fridge&store=j9e%2Fabm%2Fhzg&srno=s_10_240&otracker=search&otracker1=search&fm=organic&iid=120fb2c7-5c41-49fa-ae13-c12eb6d19ad9.RFRFZSH9BCN9ANAP.SEARCH&ppt=None&ppn=None&ssid=catsuvwjls0000001667799344310&qH=2be977f3ff92dd10,2022-11-07 11:05:54.811924+05:30
2N4QNXLQ,Godrej 185 L Direct Cool Single Door 2 Star Refrigerator,12590,17300,27% off,3305,323,4.3,"['Reciprocatory Compressor', 'Built-in Stabilizer', '1 Year Comprehensive Warranty and 10 Years on Compressor']",https://www.flipkart.com/godrej-185-l-direct-cool-single-door-2-star-refrigerator/p/itmd39d10688d624?pid=RFRGEZRFEGXX9ZGH&lid=LSTRFRGEZRFEGXX9ZGHLH2ARJ&marketplace=FLIPKART&q=fridge&store=j9e%2Fabm%2Fhzg&srno=s_11_241&otracker=search&otracker1=search&fm=organic&iid=d10d7a58-cb0d-41c7-b691-0eaa6381ec40.RFRGEZRFEGXX9ZGH.SEARCH&ppt=None&ppn=None&ssid=5bee0s7cgw0000001667799356071&qH=2be977f3ff92dd10,2022-11-07 11:05:56.811378+05:30
TF9IN7IB,Haier 242 L Direct Cool Single Door 3 Star Refrigerator with Base Drawer,20790,33700,38% off,0,0,0,"['Inverter Compressor', 'Built-in Stabilizer', '1 Year Warranty on Product and 10 Years Warranty on Compressor']",https://www.flipkart.com/haier-242-l-direct-cool-single-door-3-star-refrigerator-base-drawer/p/itmac4680f9adc48?pid=RFRGGSH5KVKZT2YQ&lid=LSTRFRGGSH5KVKZT2YQMK0HST&marketplace=FLIPKART&q=fridge&store=j9e%2Fabm%2Fhzg&srno=s_11_242&otracker=search&otracker1=search&fm=organic&iid=d10d7a58-cb0d-41c7-b691-0eaa6381ec40.RFRGGSH5KVKZT2YQ.SEARCH&ppt=None&ppn=None&ssid=5bee0s7cgw0000001667799356071&qH=2be977f3ff92dd10,2022-11-07 11:05:57.698637+05:30
LTHGYBRP,SAMSUNG 244 L Frost Free Double Door 3 Star Refrigerator,32990,36990,10% off,0,0,0,"['Digital Inverter Compressor', 'Built-in Stabilizer', '1 Year Warranty on Product and 10 Years on Compressor from Samsung']",https://www.flipkart.com/samsung-244-l-frost-free-double-door-3-star-refrigerator/p/itm8c1545b034f67?pid=RFRG49A7TEPYCHWF&lid=LSTRFRG49A7TEPYCHWFYW68SF&marketplace=FLIPKART&q=fridge&store=j9e%2Fabm%2Fhzg&srno=s_11_243&otracker=search&otracker1=search&fm=organic&iid=d10d7a58-cb0d-41c7-b691-0eaa6381ec40.RFRG49A7TEPYCHWF.SEARCH&ppt=None&ppn=None&ssid=5bee0s7cgw0000001667799356071&qH=2be977f3ff92dd10,2022-11-07 11:05:58.228418+05:30
OM8V3K3H,Whirlpool 190 L Direct Cool Single Door 4 Star Refrigerator with Base Drawer  with Intellisense Invert...,17790,22050,19% off,8934,858,4.3,"['DC Inverter Compressor', 'Built-in Stabilizer', '1 Year Comprehensive Warranty on Product and 9 Years Additional Warranty on Compressor']",https://www.flipkart.com/whirlpool-190-l-direct-cool-single-door-4-star-refrigerator-base-drawer-intellisense-inverter-compressor/p/itmf63248b175d8c?pid=RFRGDGJGBT6XZNSC&lid=LSTRFRGDGJGBT6XZNSCMLIQMS&marketplace=FLIPKART&q=fridge&store=j9e%2Fabm%2Fhzg&srno=s_11_244&otracker=search&otracker1=search&fm=organic&iid=d10d7a58-cb0d-41c7-b691-0eaa6381ec40.RFRGDGJGBT6XZNSC.SEARCH&ppt=None&ppn=None&ssid=5bee0s7cgw0000001667799356071&qH=2be977f3ff92dd10,2022-11-07 11:05:58.584455+05:30
AXRF2BKX,BOSCH 658 L Frost Free Side by Side Refrigerator,76000,102390,25% off,1,1,1,"['Rotary', '1 Year on Product and 10 Years on Compressor from Bosch']",https://www.flipkart.com/bosch-658-l-frost-free-side-refrigerator/p/itmfe9e887fc46f8?pid=RFRFGCBHVTV5KZBH&lid=LSTRFRFGCBHVTV5KZBHNKACFP&marketplace=FLIPKART&q=fridge&store=j9e%2Fabm%2Fhzg&srno=s_11_245&otracker=search&otracker1=search&fm=organic&iid=d10d7a58-cb0d-41c7-b691-0eaa6381ec40.RFRFGCBHVTV5KZBH.SEARCH&ppt=None&ppn=None&ssid=5bee0s7cgw0000001667799356071&qH=2be977f3ff92dd10,2022-11-07 11:05:59.381635+05:30
0YQR7T0X,Whirlpool 265 L Frost Free Double Door 3 Star Convertible Refrigerator,29190,35650,18% off,28257,3027,4.3,"['Digital Inverter', 'Built-in Stabilizer', '1 Year Warranty on Unit and 10 Years Warranty on Compressor from Whirlpool']",https://www.flipkart.com/whirlpool-265-l-frost-free-double-door-3-star-convertible-refrigerator/p/itm1c4ad32c98357?pid=RFRFZD5GQQJUPQFZ&lid=LSTRFRFZD5GQQJUPQFZ6YJUDY&marketplace=FLIPKART&q=fridge&store=j9e%2Fabm%2Fhzg&srno=s_11_246&otracker=search&otracker1=search&fm=organic&iid=d10d7a58-cb0d-41c7-b691-0eaa6381ec40.RFRFZD5GQQJUPQFZ.SEARCH&ppt=None&ppn=None&ssid=5bee0s7cgw0000001667799356071&qH=2be977f3ff92dd10,2022-11-07 11:05:59.685400+05:30
77ICEY3H,SAMSUNG 700 L Frost Free Side by Side Refrigerator,85990,117990,27% off,6,0,4.8,"['Digital Inverter Compressor', 'Built-in Stabilizer', '1 Year on Refrigerator and 10 Years on Compressor from Samsung']",https://www.flipkart.com/samsung-700-l-frost-free-side-refrigerator/p/itmfft8h7envfgn5?pid=RFRFFT8H4PZ6WCBY&lid=LSTRFRFFT8H4PZ6WCBY050X2B&marketplace=FLIPKART&q=fridge&store=j9e%2Fabm%2Fhzg&srno=s_11_247&otracker=search&otracker1=search&fm=organic&iid=d10d7a58-cb0d-41c7-b691-0eaa6381ec40.RFRFFT8H4PZ6WCBY.SEARCH&ppt=None&ppn=None&ssid=5bee0s7cgw0000001667799356071&qH=2be977f3ff92dd10,2022-11-07 11:06:00.678634+05:30
HRRSISU8,MarQ by Flipkart 90 L Direct Cool Single Door 1 Star Refrigerator,9490,10999,13% off,102,14,3.9,"['Reciprocatory Compressor', 'Built-in Stabilizer', '1 Year Warranty on Product and 5 Years on Compressor Warranty from MarQ by Flipkart']",https://www.flipkart.com/marq-flipkart-90-l-direct-cool-single-door-1-star-refrigerator/p/itm318fb35cebb53?pid=RFRGGCYMAW6FACZK&lid=LSTRFRGGCYMAW6FACZKCKCQGU&marketplace=FLIPKART&q=fridge&store=j9e%2Fabm%2Fhzg&srno=s_11_248&otracker=search&otracker1=search&fm=organic&iid=d10d7a58-cb0d-41c7-b691-0eaa6381ec40.RFRGGCYMAW6FACZK.SEARCH&ppt=None&ppn=None&ssid=5bee0s7cgw0000001667799356071&qH=2be977f3ff92dd10,2022-11-07 11:06:01.798669+05:30
X2QXL6CX,LG 423 L Frost Free Double Door 3 Star Convertible Refrigerator  with Smart Inverter with Door Cooling...,54090,67999,20% off,35,8,4.3,"['Smart Inverter Compressor', 'Built-in Stabilizer', '1 Year Warranty on Product and 10 Years Warranty on Compressor From LG']",https://www.flipkart.com/lg-423-l-frost-free-double-door-3-star-convertible-refrigerator-smart-inverter-cooling-wi-fi-hygiene-fresh/p/itmf4c8a097c4c06?pid=RFRGGHUCDYCCYSAG&lid=LSTRFRGGHUCDYCCYSAGG1NFLP&marketplace=FLIPKART&q=fridge&store=j9e%2Fabm%2Fhzg&srno=s_11_249&otracker=search&otracker1=search&fm=organic&iid=d10d7a58-cb0d-41c7-b691-0eaa6381ec40.RFRGGHUCDYCCYSAG.SEARCH&ppt=None&ppn=None&ssid=5bee0s7cgw0000001667799356071&qH=2be977f3ff92dd10,2022-11-07 11:06:02.087988+05:30
CPB2ST7E,LG 260 L Frost Free Double Door 2 Star Refrigerator,23550,31490,25% off,426,39,4.4,"['Smart Inverter Compressor', 'Built-in Stabilizer', '1 Year Warranty on Unit and 10 Years Warranty on Compressor from LG']",https://www.flipkart.com/lg-260-l-frost-free-double-door-2-star-refrigerator/p/itm537ab55601055?pid=RFRFEREQXGZBXPH3&lid=LSTRFRFEREQXGZBXPH3RP4LOH&marketplace=FLIPKART&q=fridge&store=j9e%2Fabm%2Fhzg&srno=s_11_250&otracker=search&otracker1=search&fm=organic&iid=d10d7a58-cb0d-41c7-b691-0eaa6381ec40.RFRFEREQXGZBXPH3.SEARCH&ppt=None&ppn=None&ssid=5bee0s7cgw0000001667799356071&qH=2be977f3ff92dd10,2022-11-07 11:06:02.438632+05:30
66UBPN7I,BOSCH 559 L Frost Free Double Door Bottom Mount 2 Star Refrigerator,68490,97020,29% off,0,0,0,"['Inverter', 'Built-in Stabilizer', '1 year warranty on the product, 10 years on the Compressor']",https://www.flipkart.com/bosch-559-l-frost-free-double-door-bottom-mount-2-star-refrigerator/p/itm78b856b40ad47?pid=RFRG24DCZQMJPHGY&lid=LSTRFRG24DCZQMJPHGYPGFSCD&marketplace=FLIPKART&q=fridge&store=j9e%2Fabm%2Fhzg&srno=s_11_251&otracker=search&otracker1=search&fm=organic&iid=d10d7a58-cb0d-41c7-b691-0eaa6381ec40.RFRG24DCZQMJPHGY.SEARCH&ppt=None&ppn=None&ssid=5bee0s7cgw0000001667799356071&qH=2be977f3ff92dd10,2022-11-07 11:06:03.374459+05:30
Z04JZUWB,LG 190 L Direct Cool Single Door 3 Star Refrigerator with Base Drawer,15990,21000,23% off,0,0,0,"['Inverter Compressor', 'Built-in Stabilizer', '1 Year Warranty on Product and 10 Years Warranty on Compressor']",https://www.flipkart.com/lg-190-l-direct-cool-single-door-3-star-refrigerator-base-drawer/p/itma49815fd04812?pid=RFRGG6S6XGE3YTGH&lid=LSTRFRGG6S6XGE3YTGHLMLG2A&marketplace=FLIPKART&q=fridge&store=j9e%2Fabm%2Fhzg&srno=s_11_252&otracker=search&otracker1=search&fm=organic&iid=d10d7a58-cb0d-41c7-b691-0eaa6381ec40.RFRGG6S6XGE3YTGH.SEARCH&ppt=None&ppn=None&ssid=5bee0s7cgw0000001667799356071&qH=2be977f3ff92dd10,2022-11-07 11:06:03.681803+05:30
43W52F5O,LG 190 L Direct Cool Single Door 3 Star Refrigerator,15990,21000,23% off,0,0,0,"['Inverter Compressor', 'Built-in Stabilizer', '1 Year Warranty on Product and 10 Years Warranty on Compressor']",https://www.flipkart.com/lg-190-l-direct-cool-single-door-3-star-refrigerator/p/itma49815fd04812?pid=RFRGG9WMJGVDF7UH&lid=LSTRFRGG9WMJGVDF7UHDR3DZW&marketplace=FLIPKART&q=fridge&store=j9e%2Fabm%2Fhzg&srno=s_11_253&otracker=search&otracker1=search&fm=organic&iid=d10d7a58-cb0d-41c7-b691-0eaa6381ec40.RFRGG9WMJGVDF7UH.SEARCH&ppt=None&ppn=None&ssid=5bee0s7cgw0000001667799356071&qH=2be977f3ff92dd10,2022-11-07 11:06:04.007071+05:30
GKUGZFB1,SAMSUNG 394 L Frost Free Double Door 2 Star Refrigerator,38290,55990,31% off,0,0,0,"['Digital Inverter Compressor', 'Built-in Stabilizer', '1 Year Warranty on Product and 10 Years Warranty on Compressor From Samsung']",https://www.flipkart.com/samsung-394-l-frost-free-double-door-2-star-refrigerator/p/itm0fbf785d32e59?pid=RFRGGUUXWCKQKZJG&lid=LSTRFRGGUUXWCKQKZJGXIFTMS&marketplace=FLIPKART&q=fridge&store=j9e%2Fabm%2Fhzg&srno=s_11_254&otracker=search&otracker1=search&fm=organic&iid=d10d7a58-cb0d-41c7-b691-0eaa6381ec40.RFRGGUUXWCKQKZJG.SEARCH&ppt=None&ppn=None&ssid=5bee0s7cgw0000001667799356071&qH=2be977f3ff92dd10,2022-11-07 11:06:04.314460+05:30
VJWKKAZ4,LG 190 L Direct Cool Single Door 4 Star Refrigerator with Base Drawer,16790,18190,7% off,12522,1434,4.4,"['Smart Inverter Compressor', 'Built-in Stabilizer', '1 Year Warranty on product and 10 Years Warranty on compressor from LG']",https://www.flipkart.com/lg-190-l-direct-cool-single-door-4-star-refrigerator-base-drawer/p/itm8c09c9f1b2bf2?pid=RFRFAH4F6Z8SVNZM&lid=LSTRFRFAH4F6Z8SVNZMD3EWIZ&marketplace=FLIPKART&q=fridge&store=j9e%2Fabm%2Fhzg&srno=s_11_255&otracker=search&otracker1=search&fm=organic&iid=d10d7a58-cb0d-41c7-b691-0eaa6381ec40.RFRFAH4F6Z8SVNZM.SEARCH&ppt=None&ppn=None&ssid=5bee0s7cgw0000001667799356071&qH=2be977f3ff92dd10,2022-11-07 11:06:04.640258+05:30
I7KYX11P,Midea 591 L Frost Free Side by Side Refrigerator,58990,87990,32% off,233,36,4,"['DC Inverter Compressor', 'Built-in Stabilizer', '1 Year on Product and 10 Years on Compressor']",https://www.flipkart.com/midea-591-l-frost-free-side-refrigerator/p/itmfgegjdfs793sq?pid=RFRFT34JCJ83AMVH&lid=LSTRFRFT34JCJ83AMVHSPB1PR&marketplace=FLIPKART&q=fridge&store=j9e%2Fabm%2Fhzg&srno=s_11_256&otracker=search&otracker1=search&fm=organic&iid=d10d7a58-cb0d-41c7-b691-0eaa6381ec40.RFRFT34JCJ83AMVH.SEARCH&ppt=None&ppn=None&ssid=5bee0s7cgw0000001667799356071&qH=2be977f3ff92dd10,2022-11-07 11:06:04.926018+05:30
SOP6H9KR,Whirlpool 200 L Direct Cool Single Door 3 Star Refrigerator,19290,21700,11% off,112,10,4.3,"['Inverter Compressor', 'Built-in Stabilizer', '1 Year on Product and 10 Years on Compressor from Whirlpool']",https://www.flipkart.com/whirlpool-200-l-direct-cool-single-door-3-star-refrigerator/p/itm0a39766afba6f?pid=RFRFVY3XH6MCGFD8&lid=LSTRFRFVY3XH6MCGFD8MZXOCM&marketplace=FLIPKART&q=fridge&store=j9e%2Fabm%2Fhzg&srno=s_11_257&otracker=search&otracker1=search&fm=organic&iid=d10d7a58-cb0d-41c7-b691-0eaa6381ec40.RFRFVY3XH6MCGFD8.SEARCH&ppt=None&ppn=None&ssid=5bee0s7cgw0000001667799356071&qH=2be977f3ff92dd10,2022-11-07 11:06:05.277019+05:30
8CWBYH28,Whirlpool 265 L Frost Free Double Door 3 Star Convertible Refrigerator,29900,37350,19% off,41,4,4.1,"['Inverter Compressor', 'Built-in Stabilizer', '1 Year on Product and 10 Years on Compressor From Whirlpool']",https://www.flipkart.com/whirlpool-265-l-frost-free-double-door-3-star-convertible-refrigerator/p/itm4b949167883a3?pid=RFRFZGFA8CYMFKVN&lid=LSTRFRFZGFA8CYMFKVN0BKQ8G&marketplace=FLIPKART&q=fridge&store=j9e%2Fabm%2Fhzg&srno=s_11_258&otracker=search&otracker1=search&fm=organic&iid=d10d7a58-cb0d-41c7-b691-0eaa6381ec40.RFRFZGFA8CYMFKVN.SEARCH&ppt=None&ppn=None&ssid=5bee0s7cgw0000001667799356071&qH=2be977f3ff92dd10,2022-11-07 11:06:06.169060+05:30
QEMLONPN,SAMSUNG 192 L Direct Cool Single Door 2 Star Refrigerator,17942,17990,0,16,1,4.2,"['Linear Compressor', 'Built-in Stabilizer', '1 Year on Product and 10 Years on Compressor From Samsung']",https://www.flipkart.com/samsung-192-l-direct-cool-single-door-2-star-refrigerator/p/itm4b907a4687336?pid=RFRFZKEUGFZCNZHG&lid=LSTRFRFZKEUGFZCNZHGJ3NGUP&marketplace=FLIPKART&q=fridge&store=j9e%2Fabm%2Fhzg&srno=s_11_259&otracker=search&otracker1=search&fm=organic&iid=d10d7a58-cb0d-41c7-b691-0eaa6381ec40.RFRFZKEUGFZCNZHG.SEARCH&ppt=None&ppn=None&ssid=5bee0s7cgw0000001667799356071&qH=2be977f3ff92dd10,2022-11-07 11:06:07.100647+05:30
2UVQOKNB,MarQ by Flipkart 196 L Direct Cool Single Door 4 Star Refrigerator,13490,16999,20% off,983,139,4.4,"['Inverter Compressor', '1 Year Warranty on Product and 5 Years on Compressor From MarQ by Flipkart']",https://www.flipkart.com/marq-flipkart-196-l-direct-cool-single-door-4-star-refrigerator/p/itmbb96c1f4443f0?pid=RFRG5K8BH5XWF4QU&lid=LSTRFRG5K8BH5XWF4QUH9QDGI&marketplace=FLIPKART&q=fridge&store=j9e%2Fabm%2Fhzg&srno=s_11_260&otracker=search&otracker1=search&fm=organic&iid=d10d7a58-cb0d-41c7-b691-0eaa6381ec40.RFRG5K8BH5XWF4QU.SEARCH&ppt=None&ppn=None&ssid=5bee0s7cgw0000001667799356071&qH=2be977f3ff92dd10,2022-11-07 11:06:07.988188+05:30
AEHR0S6J,LG 190 L Direct Cool Single Door 1 Star Refrigerator,14490,17800,18% off,0,0,0,"['RECIPROCATING COMPRESSOR', 'Built-in Stabilizer', '1 Year on Refrigerator Unit and 5 Years on Compressor from LG']",https://www.flipkart.com/lg-190-l-direct-cool-single-door-1-star-refrigerator/p/itmff8125091e992?pid=RFRGCJB2QDVCV2EM&lid=LSTRFRGCJB2QDVCV2EMIPPY4O&marketplace=FLIPKART&q=fridge&store=j9e%2Fabm%2Fhzg&srno=s_11_261&otracker=search&otracker1=search&fm=organic&iid=d10d7a58-cb0d-41c7-b691-0eaa6381ec40.RFRGCJB2QDVCV2EM.SEARCH&ppt=None&ppn=None&ssid=5bee0s7cgw0000001667799356071&qH=2be977f3ff92dd10,2022-11-07 11:06:08.313648+05:30
JHULXA8Y,Whirlpool 245 L Frost Free Double Door 2 Star Refrigerator,22290,29100,23% off,41,4,4.1,"['Digital Inverter', 'Built-in Stabilizer', '1 Year on Product and 10 Years on Compressor From Whirlpool']",https://www.flipkart.com/whirlpool-245-l-frost-free-double-door-2-star-refrigerator/p/itm8088335dc4fcf?pid=RFRFQHMSHGZKGXMR&lid=LSTRFRFQHMSHGZKGXMRRTSY1U&marketplace=FLIPKART&q=fridge&store=j9e%2Fabm%2Fhzg&srno=s_11_262&otracker=search&otracker1=search&fm=organic&iid=d10d7a58-cb0d-41c7-b691-0eaa6381ec40.RFRFQHMSHGZKGXMR.SEARCH&ppt=None&ppn=None&ssid=5bee0s7cgw0000001667799356071&qH=2be977f3ff92dd10,2022-11-07 11:06:08.715706+05:30
7G75S4WB,SAMSUNG 253 L Frost Free Double Door 2 Star Refrigerator with Base Drawer,25500,32390,21% off,4,0,5,"['Digital Inverter Compressor', 'Built-in Stabilizer', '1 Year Warranty on Product and 10 Years Warranty on Compressor From Samsung']",https://www.flipkart.com/samsung-253-l-frost-free-double-door-2-star-refrigerator-base-drawer/p/itmac91175502f05?pid=RFRGGUUXFT7FFHPB&lid=LSTRFRGGUUXFT7FFHPBLC345J&marketplace=FLIPKART&q=fridge&store=j9e%2Fabm%2Fhzg&srno=s_11_263&otracker=search&otracker1=search&fm=organic&iid=d10d7a58-cb0d-41c7-b691-0eaa6381ec40.RFRGGUUXFT7FFHPB.SEARCH&ppt=None&ppn=None&ssid=5bee0s7cgw0000001667799356071&qH=2be977f3ff92dd10,2022-11-07 11:06:09.631613+05:30
RR5JSNFG,SAMSUNG 198 L Direct Cool Single Door 5 Star Refrigerator,17700,20990,15% off,3015,328,4.4,"['Digital Inverter Compressor', 'Built-in Stabilizer', '1 Year on Product and 10 Years on Compressor from Samsung']",https://www.flipkart.com/samsung-198-l-direct-cool-single-door-5-star-refrigerator/p/itmbe591f154d3fa?pid=RFRFPUVBVGFHKNMK&lid=LSTRFRFPUVBVGFHKNMKLOOQS2&marketplace=FLIPKART&q=fridge&store=j9e%2Fabm%2Fhzg&srno=s_11_264&otracker=search&otracker1=search&fm=organic&iid=d10d7a58-cb0d-41c7-b691-0eaa6381ec40.RFRFPUVBVGFHKNMK.SEARCH&ppt=None&ppn=None&ssid=5bee0s7cgw0000001667799356071&qH=2be977f3ff92dd10,2022-11-07 11:06:10.646810+05:30
EQHOG843,LG 190 L Direct Cool Single Door 2 Star Refrigerator,15290,19499,21% off,10,0,4.8,"['Reciprocating Compressor', 'Built-in Stabilizer', '1 Year Warranty on Product and 10 Years Warranty on Compressor']",https://www.flipkart.com/lg-190-l-direct-cool-single-door-2-star-refrigerator/p/itm61e366169fafa?pid=RFRGCFTFMFX6Q4TX&lid=LSTRFRGCFTFMFX6Q4TXAH8VTD&marketplace=FLIPKART&q=fridge&store=j9e%2Fabm%2Fhzg&srno=s_12_265&otracker=search&otracker1=search&fm=organic&iid=0012d8a5-a7bc-447a-9d57-f369e2945ae2.RFRGCFTFMFX6Q4TX.SEARCH&ppt=None&ppn=None&ssid=korqj8xrcg0000001667799371767&qH=2be977f3ff92dd10,2022-11-07 11:06:12.141234+05:30
KAA5FVYG,Whirlpool 292 L Frost Free Double Door 2 Star Refrigerator,28545,30650,6% off,3,0,4,"['Digital Inverter', 'Built-in Stabilizer', '1 Year Warranty on Unit and 10 Years Warranty on Compressor from Whirlpool']",https://www.flipkart.com/whirlpool-292-l-frost-free-double-door-2-star-refrigerator/p/itm5aac76b08310a?pid=RFRFQHMSHJESHTNW&lid=LSTRFRFQHMSHJESHTNWXZT9XR&marketplace=FLIPKART&q=fridge&store=j9e%2Fabm%2Fhzg&srno=s_12_266&otracker=search&otracker1=search&fm=organic&iid=0012d8a5-a7bc-447a-9d57-f369e2945ae2.RFRFQHMSHJESHTNW.SEARCH&ppt=None&ppn=None&ssid=korqj8xrcg0000001667799371767&qH=2be977f3ff92dd10,2022-11-07 11:06:12.509570+05:30
BE0FNJLA,Whirlpool 190 L Direct Cool Single Door 2 Star Refrigerator,12990,15600,16% off,37835,3499,4.3,"['Normal Compressor', 'Built-in Stabilizer', '1 Year on Product and 10 Years on Compressor from Whirlpool']",https://www.flipkart.com/whirlpool-190-l-direct-cool-single-door-2-star-refrigerator/p/itmf6b4c3749b7e4?pid=RFRFZGFAGZUJTXWF&lid=LSTRFRFZGFAGZUJTXWFPDDAKA&marketplace=FLIPKART&q=fridge&store=j9e%2Fabm%2Fhzg&srno=s_12_267&otracker=search&otracker1=search&fm=organic&iid=en_1Xha126GstfrRtbh%2BFs2ETNLzu4I66bpvuZNHknpZMCGlAGRyHX34%2FDCO8yHfxkBUxBERcvvxLbebUgcQtk5mQ%3D%3D&ppt=None&ppn=None&ssid=korqj8xrcg0000001667799371767&qH=2be977f3ff92dd10,2022-11-07 11:06:12.799083+05:30
BUHVBR26,Whirlpool 240 L Frost Free Triple Door Refrigerator,27990,33250,15% off,30897,3819,4.4,"['Normal Compressor', 'Built-in Stabilizer', '1 Year Warranty on Product and 10 Years Warranty on Compressor from Whirlpool']",https://www.flipkart.com/whirlpool-240-l-frost-free-triple-door-refrigerator/p/itmf7z5vhfcxysvp?pid=RFRF3HZZZYTNKSCU&lid=LSTRFRF3HZZZYTNKSCUCOA9SO&marketplace=FLIPKART&q=fridge&store=j9e%2Fabm%2Fhzg&srno=s_12_268&otracker=search&otracker1=search&fm=organic&iid=en_1Xha126GstfrRtbh%2BFs2ETNLzu4I66bpvuZNHknpZMCz%2FwJukz1lSVzBasFClUgw7Rfr5RUYhX0WhJqwxOQvSg%3D%3D&ppt=None&ppn=None&ssid=korqj8xrcg0000001667799371767&qH=2be977f3ff92dd10,2022-11-07 11:06:13.086594+05:30
CR2WUI9K,Voltas Beko 421 L Frost Free Double Door 2 Star Refrigerator,43829,53490,18% off,0,0,0,"['Inverter Compressor', 'Built-in Stabilizer', '2 Years Comprehensive Warranty on Product and 10 Years Additional Warranty on Compressor']",https://www.flipkart.com/voltas-beko-421-l-frost-free-double-door-2-star-refrigerator/p/itm43eb4ee28b4ce?pid=RFRGH28ZB9VBZTQS&lid=LSTRFRGH28ZB9VBZTQSYGDNKP&marketplace=FLIPKART&q=fridge&store=j9e%2Fabm%2Fhzg&srno=s_12_269&otracker=search&otracker1=search&fm=organic&iid=0012d8a5-a7bc-447a-9d57-f369e2945ae2.RFRGH28ZB9VBZTQS.SEARCH&ppt=None&ppn=None&ssid=korqj8xrcg0000001667799371767&qH=2be977f3ff92dd10,2022-11-07 11:06:13.445054+05:30
C7N0IPCU,SAMSUNG 243 L Frost Free Double Door 3 Star Convertible Refrigerator,33900,37190,8% off,12,1,4.5,"['Digital Inverter Compressor', 'Built-in Stabilizer', '1 Year Warranty on Product and 10 Years on Compressor from Samsung']",https://www.flipkart.com/samsung-243-l-frost-free-double-door-3-star-convertible-refrigerator/p/itm2ffbd01f9cde8?pid=RFRFZKEUUBDP8PZZ&lid=LSTRFRFZKEUUBDP8PZZ3IRFQ7&marketplace=FLIPKART&q=fridge&store=j9e%2Fabm%2Fhzg&srno=s_12_270&otracker=search&otracker1=search&fm=organic&iid=0012d8a5-a7bc-447a-9d57-f369e2945ae2.RFRFZKEUUBDP8PZZ.SEARCH&ppt=None&ppn=None&ssid=korqj8xrcg0000001667799371767&qH=2be977f3ff92dd10,2022-11-07 11:06:14.383495+05:30
RBOHHN6K,Whirlpool 190 L Direct Cool Single Door 3 Star Refrigerator with Base Drawer,16340,20450,20% off,820,91,4.3,"['Non Inverter Compressor', 'Built-in Stabilizer', '1 Year on Product and 10 Years on Compressor from Whirlpool']",https://www.flipkart.com/whirlpool-190-l-direct-cool-single-door-3-star-refrigerator-base-drawer/p/itm495a967730b3c?pid=RFRG4XR6ZDXBEMZR&lid=LSTRFRG4XR6ZDXBEMZRXQJ2DZ&marketplace=FLIPKART&q=fridge&store=j9e%2Fabm%2Fhzg&srno=s_12_271&otracker=search&otracker1=search&fm=organic&iid=en_1Xha126GstfrRtbh%2BFs2ETNLzu4I66bpvuZNHknpZMBwN00vbgSpiPcwyJMixvTSCik8178uFvOyLd%2F99yHoOg%3D%3D&ppt=None&ppn=None&ssid=korqj8xrcg0000001667799371767&qH=2be977f3ff92dd10,2022-11-07 11:06:14.704444+05:30
7S1UIJP3,Whirlpool 190 L Direct Cool Single Door 2 Star Refrigerator,13540,15900,14% off,37835,3499,4.3,"['Normal Compressor', 'Built-in Stabilizer', '1 Year on Product and 10 Years on Compressor from Whirlpool']",https://www.flipkart.com/whirlpool-190-l-direct-cool-single-door-2-star-refrigerator/p/itm23de1846cafca?pid=RFRFZGFANZJHN6SB&lid=LSTRFRFZGFANZJHN6SBRJ24IH&marketplace=FLIPKART&q=fridge&store=j9e%2Fabm%2Fhzg&srno=s_12_272&otracker=search&otracker1=search&fm=organic&iid=en_1Xha126GstfrRtbh%2BFs2ETNLzu4I66bpvuZNHknpZMCcNvXbzXb0F%2F%2BDEAlKH0yRfG1q4G8NhosLJpsjXdZLzg%3D%3D&ppt=None&ppn=None&ssid=korqj8xrcg0000001667799371767&qH=2be977f3ff92dd10,2022-11-07 11:06:15.028429+05:30
ZQ8ACY4D,Whirlpool 200 L Direct Cool Single Door 3 Star Refrigerator,15990,20100,20% off,21,1,3.9,"['Normal Compressor', 'Built-in Stabilizer', '1 Year on Product and 10 Years on Compressor from Whirlpool']",https://www.flipkart.com/whirlpool-200-l-direct-cool-single-door-3-star-refrigerator/p/itme500b6be83313?pid=RFRG5V8KH4QANE2Z&lid=LSTRFRG5V8KH4QANE2Z6R3WPE&marketplace=FLIPKART&q=fridge&store=j9e%2Fabm%2Fhzg&srno=s_12_273&otracker=search&otracker1=search&fm=organic&iid=0012d8a5-a7bc-447a-9d57-f369e2945ae2.RFRG5V8KH4QANE2Z.SEARCH&ppt=None&ppn=None&ssid=korqj8xrcg0000001667799371767&qH=2be977f3ff92dd10,2022-11-07 11:06:15.825063+05:30
614ZRCL9,Whirlpool 292 L Frost Free Double Door 2 Star Refrigerator  with Glass Door,32990,33650,1% off,2263,252,4.4,"['Normal Compressor', 'Built-in Stabilizer', '1 Year Comprehensive on the Product and 10 Years on the Compressor from Whirlpool']",https://www.flipkart.com/whirlpool-292-l-frost-free-double-door-2-star-refrigerator-glass/p/itmee79054c08bb5?pid=RFRFQ7SSHGFXG8ZD&lid=LSTRFRFQ7SSHGFXG8ZDEC9R0O&marketplace=FLIPKART&q=fridge&store=j9e%2Fabm%2Fhzg&srno=s_12_274&otracker=search&otracker1=search&fm=organic&iid=0012d8a5-a7bc-447a-9d57-f369e2945ae2.RFRFQ7SSHGFXG8ZD.SEARCH&ppt=None&ppn=None&ssid=korqj8xrcg0000001667799371767&qH=2be977f3ff92dd10,2022-11-07 11:06:16.302161+05:30
4NZC6B2A,Whirlpool 245 L Frost Free Double Door 2 Star Refrigerator,25699,30800,16% off,6,0,4.8,"['Digital Inverter', 'Built-in Stabilizer', '1 Year on Product and 10 Years on Compressor From Whirlpool']",https://www.flipkart.com/whirlpool-245-l-frost-free-double-door-2-star-refrigerator/p/itm8088335dc4fcf?pid=RFRFQHMSURDU85PV&lid=LSTRFRFQHMSURDU85PVFDMHZK&marketplace=FLIPKART&q=fridge&store=j9e%2Fabm%2Fhzg&srno=s_12_275&otracker=search&otracker1=search&fm=organic&iid=0012d8a5-a7bc-447a-9d57-f369e2945ae2.RFRFQHMSURDU85PV.SEARCH&ppt=None&ppn=None&ssid=korqj8xrcg0000001667799371767&qH=2be977f3ff92dd10,2022-11-07 11:06:17.229796+05:30
66LIUEXE,Haier 376 L Frost Free Double Door Bottom Mount 3 Star Refrigerator,37990,65100,41% off,11,0,4.5,"['Twin Inverter Compressor', 'Built-in Stabilizer', 'covered in Warranty All Parts Excluding Plastic Parts, Glassware, Bulb and Tube from the Date of Purchase. Against Defective Material and Workmanship,1 Year Warranty on Product and 10 Years on Compressor']",https://www.flipkart.com/haier-376-l-frost-free-double-door-bottom-mount-3-star-refrigerator/p/itm3082e3daced32?pid=RFRG9UJGXUHS88NH&lid=LSTRFRG9UJGXUHS88NHQGMJCD&marketplace=FLIPKART&q=fridge&store=j9e%2Fabm%2Fhzg&srno=s_12_276&otracker=search&otracker1=search&fm=organic&iid=0012d8a5-a7bc-447a-9d57-f369e2945ae2.RFRG9UJGXUHS88NH.SEARCH&ppt=None&ppn=None&ssid=korqj8xrcg0000001667799371767&qH=2be977f3ff92dd10,2022-11-07 11:06:18.067652+05:30
M3YEZSNO,Whirlpool 300 L Frost Free Triple Door Refrigerator,34390,43950,21% off,30897,3819,4.4,"['Normal Compressor', 'Built-in Stabilizer', '1 Year Warranty on Product and 10 Years on Compressor From Whirlpool']",https://www.flipkart.com/whirlpool-300-l-frost-free-triple-door-refrigerator/p/itmexbvqq3h9zyz2?pid=RFRDZEQ7FYQ5QTSN&lid=LSTRFRDZEQ7FYQ5QTSNHFAVDN&marketplace=FLIPKART&q=fridge&store=j9e%2Fabm%2Fhzg&srno=s_12_277&otracker=search&otracker1=search&fm=organic&iid=en_1Xha126GstfrRtbh%2BFs2ETNLzu4I66bpvuZNHknpZMAu1Dk6JKK8iEyCFZv0OwceDo5XXw04e34i8rC9wk%2FwUA%3D%3D&ppt=None&ppn=None&ssid=korqj8xrcg0000001667799371767&qH=2be977f3ff92dd10,2022-11-07 11:06:18.415914+05:30
QOZ43EPM,Whirlpool 190 L Direct Cool Single Door 3 Star Refrigerator with Base Drawer,16340,19500,16% off,444,34,4.3,"['Non Inverter Compressor', 'Built-in Stabilizer', '1 Year on Product and 10 Years on Compressor from Whirlpool']",https://www.flipkart.com/whirlpool-190-l-direct-cool-single-door-3-star-refrigerator-base-drawer/p/itmd625ad7498750?pid=RFRG4XR6FXK3XANH&lid=LSTRFRG4XR6FXK3XANH2QMZGI&marketplace=FLIPKART&q=fridge&store=j9e%2Fabm%2Fhzg&srno=s_12_278&otracker=search&otracker1=search&fm=organic&iid=en_1Xha126GstfrRtbh%2BFs2ETNLzu4I66bpvuZNHknpZMDizxeweg2Z4IByXyBtxvI2MGzOfXGzGk9IKwrcXp9P4A%3D%3D&ppt=None&ppn=None&ssid=korqj8xrcg0000001667799371767&qH=2be977f3ff92dd10,2022-11-07 11:06:18.723223+05:30
X1S2WYW6,Whirlpool 265 L Frost Free Double Door 3 Star Convertible Refrigerator,25990,36000,27% off,6,2,4.2,"['Digital Inverter', 'Built-in Stabilizer', '1 Year Warranty on Unit and 10 Years Warranty on Compressor from Whirlpool']",https://www.flipkart.com/whirlpool-265-l-frost-free-double-door-3-star-convertible-refrigerator/p/itm02394f5737d19?pid=RFRFQGZFGE3MGHVK&lid=LSTRFRFQGZFGE3MGHVKVUCEEO&marketplace=FLIPKART&q=fridge&store=j9e%2Fabm%2Fhzg&srno=s_12_279&otracker=search&otracker1=search&fm=organic&iid=0012d8a5-a7bc-447a-9d57-f369e2945ae2.RFRFQGZFGE3MGHVK.SEARCH&ppt=None&ppn=None&ssid=korqj8xrcg0000001667799371767&qH=2be977f3ff92dd10,2022-11-07 11:06:19.611785+05:30
2B54YRKC,SAMSUNG 253 L Frost Free Double Door 2 Star Convertible Refrigerator,27390,33324,17% off,0,0,0,"['Digital Inverter Compressor', 'Built-in Stabilizer', '1 Year Warranty on Product, 10 Years Warranty on Compressor']",https://www.flipkart.com/samsung-253-l-frost-free-double-door-2-star-convertible-refrigerator/p/itmc98cf28b5b5bd?pid=RFRGFJT2FPFJNDMZ&lid=LSTRFRGFJT2FPFJNDMZ5JGZSO&marketplace=FLIPKART&q=fridge&store=j9e%2Fabm%2Fhzg&srno=s_12_280&otracker=search&otracker1=search&fm=organic&iid=0012d8a5-a7bc-447a-9d57-f369e2945ae2.RFRGFJT2FPFJNDMZ.SEARCH&ppt=None&ppn=None&ssid=korqj8xrcg0000001667799371767&qH=2be977f3ff92dd10,2022-11-07 11:06:20.372564+05:30
G30A6UVN,Whirlpool 190 L Direct Cool Single Door 2 Star Refrigerator,13540,16500,17% off,37835,3499,4.3,"['Normal Compressor', 'Built-in Stabilizer', '1 Year on Product and 10 Years on Compressor from Whirlpool']",https://www.flipkart.com/whirlpool-190-l-direct-cool-single-door-2-star-refrigerator/p/itm823c53fcf0200?pid=RFRFZGFADYS3UTBG&lid=LSTRFRFZGFADYS3UTBGFVSNUE&marketplace=FLIPKART&q=fridge&store=j9e%2Fabm%2Fhzg&srno=s_12_281&otracker=search&otracker1=search&fm=organic&iid=en_1Xha126GstfrRtbh%2BFs2ETNLzu4I66bpvuZNHknpZMDrPExJWB1lhbr0hh76Aaap6VmDAgCf6DMckC1h3ZnRZg%3D%3D&ppt=None&ppn=None&ssid=korqj8xrcg0000001667799371767&qH=2be977f3ff92dd10,2022-11-07 11:06:20.685448+05:30
9WGWKZ1J,Whirlpool 190 L Direct Cool Single Door 3 Star Refrigerator,15340,18000,14% off,622,47,4.3,"['Non Inverter Compressor', 'Built-in Stabilizer', '1 Year on Product and 10 Years on Compressor from Whirlpool']",https://www.flipkart.com/whirlpool-190-l-direct-cool-single-door-3-star-refrigerator/p/itmc4870feb17803?pid=RFRG4XR689KTY9QT&lid=LSTRFRG4XR689KTY9QTJUWMVD&marketplace=FLIPKART&q=fridge&store=j9e%2Fabm%2Fhzg&srno=s_12_282&otracker=search&otracker1=search&fm=organic&iid=en_1Xha126GstfrRtbh%2BFs2ETNLzu4I66bpvuZNHknpZMAAuWNfAIlQ1v8GpOYPZcjQSnPWXWX2eFur1r0QMwaKtQ%3D%3D&ppt=None&ppn=None&ssid=korqj8xrcg0000001667799371767&qH=2be977f3ff92dd10,2022-11-07 11:06:21.000456+05:30
3WB2VVRN,Haier 628 L Frost Free Side by Side Refrigerator,81990,143100,42% off,0,0,0,"['Inverter Compressor', 'Built-in Stabilizer', '1 Year Warranty on Product and 10 Years Warranty on Compressor']",https://www.flipkart.com/haier-628-l-frost-free-side-refrigerator/p/itm5f4fb5e82faf0?pid=RFRGGSH5MJQPHRVY&lid=LSTRFRGGSH5MJQPHRVYKPPA0V&marketplace=FLIPKART&q=fridge&store=j9e%2Fabm%2Fhzg&srno=s_12_283&otracker=search&otracker1=search&fm=organic&iid=0012d8a5-a7bc-447a-9d57-f369e2945ae2.RFRGGSH5MJQPHRVY.SEARCH&ppt=None&ppn=None&ssid=korqj8xrcg0000001667799371767&qH=2be977f3ff92dd10,2022-11-07 11:06:21.457477+05:30
CAF5I0RE,LG 340 L Frost Free Double Door 3 Star Convertible Refrigerator,42490,52499,19% off,23,5,4.3,"['Smart Inverter Compressor', 'Built-in Stabilizer', '1 Year Warranty on Product and 10 Years Warranty on Compressor']",https://www.flipkart.com/lg-340-l-frost-free-double-door-3-star-convertible-refrigerator/p/itm047f02389549c?pid=RFRGDK5HBGRNMHFD&lid=LSTRFRGDK5HBGRNMHFDCN5LEX&marketplace=FLIPKART&q=fridge&store=j9e%2Fabm%2Fhzg&srno=s_12_284&otracker=search&otracker1=search&fm=organic&iid=0012d8a5-a7bc-447a-9d57-f369e2945ae2.RFRGDK5HBGRNMHFD.SEARCH&ppt=None&ppn=None&ssid=korqj8xrcg0000001667799371767&qH=2be977f3ff92dd10,2022-11-07 11:06:21.750356+05:30
8FC8AZN5,Whirlpool 200 L Direct Cool Single Door 4 Star Refrigerator with Base Drawer  with Laminar Airflow,18490,22800,18% off,87,11,4,"['Normal', 'Built-in Stabilizer', '1 Year Comprehensive Warranty on Product and 9 Years Additional Warranty on Compressor']",https://www.flipkart.com/whirlpool-200-l-direct-cool-single-door-4-star-refrigerator-base-drawer-laminar-airflow/p/itm4c56f33f2a9ee?pid=RFRGDGJGBN6BNWQC&lid=LSTRFRGDGJGBN6BNWQC1EUSVY&marketplace=FLIPKART&q=fridge&store=j9e%2Fabm%2Fhzg&srno=s_12_285&otracker=search&otracker1=search&fm=organic&iid=0012d8a5-a7bc-447a-9d57-f369e2945ae2.RFRGDGJGBN6BNWQC.SEARCH&ppt=None&ppn=None&ssid=korqj8xrcg0000001667799371767&qH=2be977f3ff92dd10,2022-11-07 11:06:22.470733+05:30
H7MR0RZF,Haier 376 L Frost Free Double Door Bottom Mount 3 Star Refrigerator,45990,76100,39% off,0,0,0,"['Reciprocating', '1 Year Warranty on Product']",https://www.flipkart.com/haier-376-l-frost-free-double-door-bottom-mount-3-star-refrigerator/p/itm9e6b30d98f4e4?pid=RFRGHPHGAESUQNQ8&lid=LSTRFRGHPHGAESUQNQ8EPREYI&marketplace=FLIPKART&q=fridge&store=j9e%2Fabm%2Fhzg&srno=s_12_286&otracker=search&otracker1=search&fm=organic&iid=0012d8a5-a7bc-447a-9d57-f369e2945ae2.RFRGHPHGAESUQNQ8.SEARCH&ppt=None&ppn=None&ssid=korqj8xrcg0000001667799371767&qH=2be977f3ff92dd10,2022-11-07 11:06:23.525848+05:30
7SZ3GVEM,Whirlpool 190 L Direct Cool Single Door 3 Star Refrigerator,15340,17600,12% off,1327,122,4.2,"['Non Inverter Compressor', 'Built-in Stabilizer', '1 Year on Product and 10 Years on Compressor from Whirlpool']",https://www.flipkart.com/whirlpool-190-l-direct-cool-single-door-3-star-refrigerator/p/itm600cc6ce9ae49?pid=RFRG4XR6QNSM6X5H&lid=LSTRFRG4XR6QNSM6X5HUWM1ZO&marketplace=FLIPKART&q=fridge&store=j9e%2Fabm%2Fhzg&srno=s_12_287&otracker=search&otracker1=search&fm=organic&iid=en_1Xha126GstfrRtbh%2BFs2ETNLzu4I66bpvuZNHknpZMAZ6M1%2BIOTzu20qMcdSwu3q3RgyFZzsE5Uq1sCzOjbMWg%3D%3D&ppt=None&ppn=None&ssid=korqj8xrcg0000001667799371767&qH=2be977f3ff92dd10,2022-11-07 11:06:23.864455+05:30
3URE9DK2,Whirlpool 190 L Direct Cool Single Door 3 Star Refrigerator,14640,17000,13% off,37835,3499,4.3,"['Normal Compressor', 'Built-in Stabilizer', '1 Year on Product and 10 Years on Compressor from Whirlpool']",https://www.flipkart.com/whirlpool-190-l-direct-cool-single-door-3-star-refrigerator/p/itmafa0a476dffe1?pid=RFRFZGFAHQ7VQXZF&lid=LSTRFRFZGFAHQ7VQXZFLUB4OV&marketplace=FLIPKART&q=fridge&store=j9e%2Fabm%2Fhzg&srno=s_12_288&otracker=search&otracker1=search&fm=organic&iid=en_1Xha126GstfrRtbh%2BFs2ETNLzu4I66bpvuZNHknpZMBplZ0cxcpqKtLVs1G8qf6GZZHikuLs61%2BJy0ccFBS1Fg%3D%3D&ppt=None&ppn=None&ssid=korqj8xrcg0000001667799371767&qH=2be977f3ff92dd10,2022-11-07 11:06:24.181631+05:30
6H9UATVF,Godrej 30 L Qube Personal Cooling Solution,7790,8250,5% off,4000,398,4.1,[],https://www.flipkart.com/godrej-30-l-qube-personal-cooling-solution/p/itm76a4238995f2b?pid=RFRFFMH6SYA4D3B3&lid=LSTRFRFFMH6SYA4D3B3MMVNKX&marketplace=FLIPKART&q=fridge&store=j9e%2Fabm%2Fhzg&srno=s_13_289&otracker=search&otracker1=search&fm=organic&iid=c4b2eeff-a7c9-40b1-a538-1bf3a49ae0a6.RFRFFMH6SYA4D3B3.SEARCH&ppt=None&ppn=None&ssid=eq6gqv5hm80000001667799386004&qH=2be977f3ff92dd10,2022-11-07 11:06:25.901737+05:30
2MKN26M9,Hisense 564 L Frost Free Side by Side Inverter Technology Star Refrigerator  with Water Dispenser,59990,79990,25% off,36,4,3.9,"['Inverter Compressor', 'Built-in Stabilizer', '1 Year on Product and 10 Years on Compressor from Hisense']",https://www.flipkart.com/hisense-564-l-frost-free-side-inverter-technology-star-refrigerator-water-dispenser/p/itm28b22105dc2de?pid=RFRG72ETG6SVB2GD&lid=LSTRFRG72ETG6SVB2GD0DV7QF&marketplace=FLIPKART&q=fridge&store=j9e%2Fabm%2Fhzg&srno=s_13_290&otracker=search&otracker1=search&fm=organic&iid=c4b2eeff-a7c9-40b1-a538-1bf3a49ae0a6.RFRG72ETG6SVB2GD.SEARCH&ppt=None&ppn=None&ssid=eq6gqv5hm80000001667799386004&qH=2be977f3ff92dd10,2022-11-07 11:06:26.798627+05:30
M8Q0R6VR,Whirlpool 190 L Direct Cool Single Door 2 Star Refrigerator,12990,15600,16% off,37835,3499,4.3,"['Normal Compressor', 'Built-in Stabilizer', '1 Year on Product and 10 Years on Compressor from Whirlpool']",https://www.flipkart.com/whirlpool-190-l-direct-cool-single-door-2-star-refrigerator/p/itmf6b4c3749b7e4?pid=RFRFZGFAGZUJTXWF&lid=LSTRFRFZGFAGZUJTXWFPDDAKA&marketplace=FLIPKART&q=fridge&store=j9e%2Fabm%2Fhzg&srno=s_13_291&otracker=search&otracker1=search&fm=organic&iid=en_GNdOqYIbnGmMFkzjdrCMn9O3jCfyB4c%2BjRHY0oDT5HmYusRZv9z2jNgCCfpEa809UxBERcvvxLbebUgcQtk5mQ%3D%3D&ppt=None&ppn=None&ssid=eq6gqv5hm80000001667799386004&qH=2be977f3ff92dd10,2022-11-07 11:06:27.088228+05:30
AXK4V7MB,Whirlpool 240 L Frost Free Triple Door Refrigerator,27990,33250,15% off,30897,3819,4.4,"['Normal Compressor', 'Built-in Stabilizer', '1 Year Warranty on Product and 10 Years Warranty on Compressor from Whirlpool']",https://www.flipkart.com/whirlpool-240-l-frost-free-triple-door-refrigerator/p/itmf7z5vhfcxysvp?pid=RFRF3HZZZYTNKSCU&lid=LSTRFRF3HZZZYTNKSCUCOA9SO&marketplace=FLIPKART&q=fridge&store=j9e%2Fabm%2Fhzg&srno=s_13_292&otracker=search&otracker1=search&fm=organic&iid=en_GNdOqYIbnGmMFkzjdrCMn9O3jCfyB4c%2BjRHY0oDT5Hnl6gdgGAlGWEmd%2BhD44F0V7Rfr5RUYhX0WhJqwxOQvSg%3D%3D&ppt=None&ppn=None&ssid=eq6gqv5hm80000001667799386004&qH=2be977f3ff92dd10,2022-11-07 11:06:27.378601+05:30
RIVI0YCC,LG 516 L Frost Free Double Door 3 Star Refrigerator,61190,75990,19% off,0,0,0,"['Smart Inverter Compressor', 'Built-in Stabilizer', '1 Year Warranty on product and 10 Years Warranty on Compressor from LG']",https://www.flipkart.com/lg-516-l-frost-free-double-door-3-star-refrigerator/p/itm7662a8901b4cd?pid=RFRFTW2ZQYEYG67M&lid=LSTRFRFTW2ZQYEYG67MCNVZ6B&marketplace=FLIPKART&q=fridge&store=j9e%2Fabm%2Fhzg&srno=s_13_293&otracker=search&otracker1=search&fm=organic&iid=c4b2eeff-a7c9-40b1-a538-1bf3a49ae0a6.RFRFTW2ZQYEYG67M.SEARCH&ppt=None&ppn=None&ssid=eq6gqv5hm80000001667799386004&qH=2be977f3ff92dd10,2022-11-07 11:06:27.767901+05:30
WU6F60CP,Whirlpool 265 L Frost Free Double Door 2 Star Refrigerator  with Glass Door,28690,35300,18% off,2263,252,4.4,"['Normal Compressor', 'Built-in Stabilizer', '1 Year Comprehensive on the Product and 10 Years on the Compressor from Whirlpool']",https://www.flipkart.com/whirlpool-265-l-frost-free-double-door-2-star-refrigerator-glass/p/itmc5d98a267468b?pid=RFRFQ7SSXNQGBHGK&lid=LSTRFRFQ7SSXNQGBHGKGYUV0I&marketplace=FLIPKART&q=fridge&store=j9e%2Fabm%2Fhzg&srno=s_13_294&otracker=search&otracker1=search&fm=organic&iid=c4b2eeff-a7c9-40b1-a538-1bf3a49ae0a6.RFRFQ7SSXNQGBHGK.SEARCH&ppt=None&ppn=None&ssid=eq6gqv5hm80000001667799386004&qH=2be977f3ff92dd10,2022-11-07 11:06:28.623714+05:30
CAWMKMW5,SAMSUNG 225 L Direct Cool Single Door 3 Star Refrigerator,21450,23428,8% off,33,2,4.1,"['Digital Inverter Compressor', 'Built-in Stabilizer', '1 Year Warranty on Product and 10 Years on Compressor from Samsung']",https://www.flipkart.com/samsung-225-l-direct-cool-single-door-3-star-refrigerator/p/itm397c0edc5d04d?pid=RFRG49A7GMZU4B4B&lid=LSTRFRG49A7GMZU4B4BORTYV9&marketplace=FLIPKART&q=fridge&store=j9e%2Fabm%2Fhzg&srno=s_13_295&otracker=search&otracker1=search&fm=organic&iid=c4b2eeff-a7c9-40b1-a538-1bf3a49ae0a6.RFRG49A7GMZU4B4B.SEARCH&ppt=None&ppn=None&ssid=eq6gqv5hm80000001667799386004&qH=2be977f3ff92dd10,2022-11-07 11:06:29.372159+05:30
5X4Y31A3,LG 630 L Frost Free Double Door 3 Star Refrigerator,69490,87990,21% off,27,3,4.8,"['Inverter Linear Compressor', 'Built-in Stabilizer', '1 Year Warranty on Product and 10 Years on Compressor from LG']",https://www.flipkart.com/lg-630-l-frost-free-double-door-3-star-refrigerator/p/itmb7f8ce4365af5?pid=RFRFPHH7ECCGFFMD&lid=LSTRFRFPHH7ECCGFFMDJX0IH5&marketplace=FLIPKART&q=fridge&store=j9e%2Fabm%2Fhzg&srno=s_13_296&otracker=search&otracker1=search&fm=organic&iid=c4b2eeff-a7c9-40b1-a538-1bf3a49ae0a6.RFRFPHH7ECCGFFMD.SEARCH&ppt=None&ppn=None&ssid=eq6gqv5hm80000001667799386004&qH=2be977f3ff92dd10,2022-11-07 11:06:29.750756+05:30
S1N2QQ3R,Whirlpool 190 L Direct Cool Single Door 3 Star Refrigerator with Base Drawer,16340,20450,20% off,820,91,4.3,"['Non Inverter Compressor', 'Built-in Stabilizer', '1 Year on Product and 10 Years on Compressor from Whirlpool']",https://www.flipkart.com/whirlpool-190-l-direct-cool-single-door-3-star-refrigerator-base-drawer/p/itm495a967730b3c?pid=RFRG4XR6ZDXBEMZR&lid=LSTRFRG4XR6ZDXBEMZRXQJ2DZ&marketplace=FLIPKART&q=fridge&store=j9e%2Fabm%2Fhzg&srno=s_13_297&otracker=search&otracker1=search&fm=organic&iid=en_GNdOqYIbnGmMFkzjdrCMn9O3jCfyB4c%2BjRHY0oDT5HnXDxDCtPahyWWI6T4TsfoVCik8178uFvOyLd%2F99yHoOg%3D%3D&ppt=None&ppn=None&ssid=eq6gqv5hm80000001667799386004&qH=2be977f3ff92dd10,2022-11-07 11:06:30.105358+05:30
1462WLKJ,Whirlpool 190 L Direct Cool Single Door 2 Star Refrigerator,13540,15900,14% off,37835,3499,4.3,"['Normal Compressor', 'Built-in Stabilizer', '1 Year on Product and 10 Years on Compressor from Whirlpool']",https://www.flipkart.com/whirlpool-190-l-direct-cool-single-door-2-star-refrigerator/p/itm23de1846cafca?pid=RFRFZGFANZJHN6SB&lid=LSTRFRFZGFANZJHN6SBRJ24IH&marketplace=FLIPKART&q=fridge&store=j9e%2Fabm%2Fhzg&srno=s_13_298&otracker=search&otracker1=search&fm=organic&iid=en_GNdOqYIbnGmMFkzjdrCMn9O3jCfyB4c%2BjRHY0oDT5HlMk4wt%2BV9m3HSG0nsIPkdcfG1q4G8NhosLJpsjXdZLzg%3D%3D&ppt=None&ppn=None&ssid=eq6gqv5hm80000001667799386004&qH=2be977f3ff92dd10,2022-11-07 11:06:30.412363+05:30
R9FEUX0C,LG 190 L Direct Cool Single Door 2 Star Refrigerator,15490,19499,20% off,26,1,4.5,"['Reciprocating Compressor', 'Built-in Stabilizer', '1 Year Warranty on Product and 10 Years Warranty on Compressor']",https://www.flipkart.com/lg-190-l-direct-cool-single-door-2-star-refrigerator/p/itm835186eccac93?pid=RFRGC93RTYM2GGRX&lid=LSTRFRGC93RTYM2GGRXTFTSG5&marketplace=FLIPKART&q=fridge&store=j9e%2Fabm%2Fhzg&srno=s_13_299&otracker=search&otracker1=search&fm=organic&iid=c4b2eeff-a7c9-40b1-a538-1bf3a49ae0a6.RFRGC93RTYM2GGRX.SEARCH&ppt=None&ppn=None&ssid=eq6gqv5hm80000001667799386004&qH=2be977f3ff92dd10,2022-11-07 11:06:31.284361+05:30
VWJSLWUO,Haier 346 L Frost Free Double Door Bottom Mount 3 Star Refrigerator,41990,71300,41% off,25,2,4.5,"['INVERTER COMPRESSOR', 'Built-in Stabilizer', '1 Year Warranty on Product and 10 Years Warranty on Compressor from Haier']",https://www.flipkart.com/haier-346-l-frost-free-double-door-bottom-mount-3-star-refrigerator/p/itm249562eb0f899?pid=RFRG4TDF2MC6YSW5&lid=LSTRFRG4TDF2MC6YSW59QENU9&marketplace=FLIPKART&q=fridge&store=j9e%2Fabm%2Fhzg&srno=s_13_300&otracker=search&otracker1=search&fm=organic&iid=c4b2eeff-a7c9-40b1-a538-1bf3a49ae0a6.RFRG4TDF2MC6YSW5.SEARCH&ppt=None&ppn=None&ssid=eq6gqv5hm80000001667799386004&qH=2be977f3ff92dd10,2022-11-07 11:06:32.194859+05:30
C8Y50TM9,Whirlpool 300 L Frost Free Triple Door Refrigerator,34390,43950,21% off,30897,3819,4.4,"['Normal Compressor', 'Built-in Stabilizer', '1 Year Warranty on Product and 10 Years on Compressor From Whirlpool']",https://www.flipkart.com/whirlpool-300-l-frost-free-triple-door-refrigerator/p/itmexbvqq3h9zyz2?pid=RFRDZEQ7FYQ5QTSN&lid=LSTRFRDZEQ7FYQ5QTSNHFAVDN&marketplace=FLIPKART&q=fridge&store=j9e%2Fabm%2Fhzg&srno=s_13_301&otracker=search&otracker1=search&fm=organic&iid=en_GNdOqYIbnGmMFkzjdrCMn9O3jCfyB4c%2BjRHY0oDT5Hkd33xR2zosHPKXuRUGfbeODo5XXw04e34i8rC9wk%2FwUA%3D%3D&ppt=None&ppn=None&ssid=eq6gqv5hm80000001667799386004&qH=2be977f3ff92dd10,2022-11-07 11:06:32.484595+05:30
1GKL3BOO,Whirlpool 190 L Direct Cool Single Door 3 Star Refrigerator with Base Drawer,16340,19500,16% off,444,34,4.3,"['Non Inverter Compressor', 'Built-in Stabilizer', '1 Year on Product and 10 Years on Compressor from Whirlpool']",https://www.flipkart.com/whirlpool-190-l-direct-cool-single-door-3-star-refrigerator-base-drawer/p/itmd625ad7498750?pid=RFRG4XR6FXK3XANH&lid=LSTRFRG4XR6FXK3XANH2QMZGI&marketplace=FLIPKART&q=fridge&store=j9e%2Fabm%2Fhzg&srno=s_13_302&otracker=search&otracker1=search&fm=organic&iid=en_GNdOqYIbnGmMFkzjdrCMn9O3jCfyB4c%2BjRHY0oDT5HlfYIq%2BiXNDljTuGZggPaY8MGzOfXGzGk9IKwrcXp9P4A%3D%3D&ppt=None&ppn=None&ssid=eq6gqv5hm80000001667799386004&qH=2be977f3ff92dd10,2022-11-07 11:06:32.915421+05:30
LKQKLI6Q,Whirlpool 300 L Frost Free Triple Door Refrigerator,34390,43000,20% off,30897,3819,4.4,"['Normal Compressor', 'Built-in Stabilizer', '1 Year Warranty on Product and 10 Years on Compressor From Whirlpool']",https://www.flipkart.com/whirlpool-300-l-frost-free-triple-door-refrigerator/p/itm5046450c85a1b?pid=RFRFMKPFNBGD9ETZ&lid=LSTRFRFMKPFNBGD9ETZ37EUX2&marketplace=FLIPKART&q=fridge&store=j9e%2Fabm%2Fhzg&srno=s_13_303&otracker=search&otracker1=search&fm=organic&iid=c4b2eeff-a7c9-40b1-a538-1bf3a49ae0a6.RFRFMKPFNBGD9ETZ.SEARCH&ppt=None&ppn=None&ssid=eq6gqv5hm80000001667799386004&qH=2be977f3ff92dd10,2022-11-07 11:06:33.722036+05:30
3Q396PRE,LG 437 L Frost Free Double Door 2 Star Refrigerator,44299,59490,25% off,0,0,0,"['Smart Inverter Compressor', 'Built-in Stabilizer', '1 Year Warranty on Product and 10 Years Warranty on Compressor from LG']",https://www.flipkart.com/lg-437-l-frost-free-double-door-2-star-refrigerator/p/itm598d35c4efdfd?pid=RFRG49BGUXWAXZHE&lid=LSTRFRG49BGUXWAXZHEAM1MVI&marketplace=FLIPKART&q=fridge&store=j9e%2Fabm%2Fhzg&srno=s_13_304&otracker=search&otracker1=search&fm=organic&iid=c4b2eeff-a7c9-40b1-a538-1bf3a49ae0a6.RFRG49BGUXWAXZHE.SEARCH&ppt=None&ppn=None&ssid=eq6gqv5hm80000001667799386004&qH=2be977f3ff92dd10,2022-11-07 11:06:34.159430+05:30
VW4I4L0H,LG 595 L Direct Cool Side by Side Refrigerator,128890,167990,23% off,0,0,0,"['Inverter Linear Compressor', '1 Year Warranty on Product and 10 Years Warranty on Compressor from LG']",https://www.flipkart.com/lg-595-l-direct-cool-side-refrigerator/p/itm73f785500cdc1?pid=RFRFPHH7NXRDHAUT&lid=LSTRFRFPHH7NXRDHAUTQKPUI5&marketplace=FLIPKART&q=fridge&store=j9e%2Fabm%2Fhzg&srno=s_13_305&otracker=search&otracker1=search&fm=organic&iid=c4b2eeff-a7c9-40b1-a538-1bf3a49ae0a6.RFRFPHH7NXRDHAUT.SEARCH&ppt=None&ppn=None&ssid=eq6gqv5hm80000001667799386004&qH=2be977f3ff92dd10,2022-11-07 11:06:34.474613+05:30
IYQUNYGU,SAMSUNG 198 L Direct Cool Single Door 3 Star Refrigerator  with Digi Touch Cool,15890,19990,20% off,589,57,4.4,"['Digital Inverter Compressor', 'Built-in Stabilizer', '1 Year on Product and 10 Years on Compressor From Samsung']",https://www.flipkart.com/samsung-198-l-direct-cool-single-door-3-star-refrigerator-digi-touch/p/itma770d0ec39860?pid=RFRFZKEUUBZFDYRP&lid=LSTRFRFZKEUUBZFDYRPSN5STU&marketplace=FLIPKART&q=fridge&store=j9e%2Fabm%2Fhzg&srno=s_13_306&otracker=search&otracker1=search&fm=organic&iid=c4b2eeff-a7c9-40b1-a538-1bf3a49ae0a6.RFRFZKEUUBZFDYRP.SEARCH&ppt=None&ppn=None&ssid=eq6gqv5hm80000001667799386004&qH=2be977f3ff92dd10,2022-11-07 11:06:34.981511+05:30
XV1MQ4FW,Whirlpool 190 L Direct Cool Single Door 2 Star Refrigerator,13540,16500,17% off,37835,3499,4.3,"['Normal Compressor', 'Built-in Stabilizer', '1 Year on Product and 10 Years on Compressor from Whirlpool']",https://www.flipkart.com/whirlpool-190-l-direct-cool-single-door-2-star-refrigerator/p/itm823c53fcf0200?pid=RFRFZGFADYS3UTBG&lid=LSTRFRFZGFADYS3UTBGFVSNUE&marketplace=FLIPKART&q=fridge&store=j9e%2Fabm%2Fhzg&srno=s_13_307&otracker=search&otracker1=search&fm=organic&iid=en_GNdOqYIbnGmMFkzjdrCMn9O3jCfyB4c%2BjRHY0oDT5HkOTOtjaDm12woQQIpRMJPl6VmDAgCf6DMckC1h3ZnRZg%3D%3D&ppt=None&ppn=None&ssid=eq6gqv5hm80000001667799386004&qH=2be977f3ff92dd10,2022-11-07 11:06:35.322426+05:30
DA0U0NWH,Whirlpool 190 L Direct Cool Single Door 3 Star Refrigerator,15340,18000,14% off,622,47,4.3,"['Non Inverter Compressor', 'Built-in Stabilizer', '1 Year on Product and 10 Years on Compressor from Whirlpool']",https://www.flipkart.com/whirlpool-190-l-direct-cool-single-door-3-star-refrigerator/p/itmc4870feb17803?pid=RFRG4XR689KTY9QT&lid=LSTRFRG4XR689KTY9QTJUWMVD&marketplace=FLIPKART&q=fridge&store=j9e%2Fabm%2Fhzg&srno=s_13_308&otracker=search&otracker1=search&fm=organic&iid=en_GNdOqYIbnGmMFkzjdrCMn9O3jCfyB4c%2BjRHY0oDT5Hkuv5vJ1Cz%2B2eFo5yvx494ESnPWXWX2eFur1r0QMwaKtQ%3D%3D&ppt=None&ppn=None&ssid=eq6gqv5hm80000001667799386004&qH=2be977f3ff92dd10,2022-11-07 11:06:35.624419+05:30
JBTIQT18,Haier 256 L Frost Free Double Door Bottom Mount 3 Star Refrigerator,25990,45500,42% off,14,1,4.3,"['TWIN Inverter Compressor', 'Built-in Stabilizer', '1  Year Warranty on Product and 10 Years Warranty on Compressor from Haier']",https://www.flipkart.com/haier-256-l-frost-free-double-door-bottom-mount-3-star-refrigerator/p/itmc96bc1d64ae1c?pid=RFRG53HCJHBAGRZF&lid=LSTRFRG53HCJHBAGRZFJTPRKM&marketplace=FLIPKART&q=fridge&store=j9e%2Fabm%2Fhzg&srno=s_13_309&otracker=search&otracker1=search&fm=organic&iid=c4b2eeff-a7c9-40b1-a538-1bf3a49ae0a6.RFRG53HCJHBAGRZF.SEARCH&ppt=None&ppn=None&ssid=eq6gqv5hm80000001667799386004&qH=2be977f3ff92dd10,2022-11-07 11:06:36.503446+05:30
TA2ASYV2,Whirlpool 215 L Direct Cool Single Door 4 Star Refrigerator with Base Drawer,20490,25900,20% off,134,13,4.2,"['IntelliSense Inverter Compressor', 'Built-in Stabilizer', '1 Year on Product and 10 Years on Compressor from Whirlpool']",https://www.flipkart.com/whirlpool-215-l-direct-cool-single-door-4-star-refrigerator-base-drawer/p/itm0202c36241a9a?pid=RFRFYZCPEVVXYTZN&lid=LSTRFRFYZCPEVVXYTZNKD5AJH&marketplace=FLIPKART&q=fridge&store=j9e%2Fabm%2Fhzg&srno=s_13_310&otracker=search&otracker1=search&fm=organic&iid=c4b2eeff-a7c9-40b1-a538-1bf3a49ae0a6.RFRFYZCPEVVXYTZN.SEARCH&ppt=None&ppn=None&ssid=eq6gqv5hm80000001667799386004&qH=2be977f3ff92dd10,2022-11-07 11:06:36.795393+05:30
EQS4J5SV,Whirlpool 190 L Direct Cool Single Door 3 Star Refrigerator,15340,17600,12% off,1327,122,4.2,"['Non Inverter Compressor', 'Built-in Stabilizer', '1 Year on Product and 10 Years on Compressor from Whirlpool']",https://www.flipkart.com/whirlpool-190-l-direct-cool-single-door-3-star-refrigerator/p/itm600cc6ce9ae49?pid=RFRG4XR6QNSM6X5H&lid=LSTRFRG4XR6QNSM6X5HUWM1ZO&marketplace=FLIPKART&q=fridge&store=j9e%2Fabm%2Fhzg&srno=s_13_311&otracker=search&otracker1=search&fm=organic&iid=en_GNdOqYIbnGmMFkzjdrCMn9O3jCfyB4c%2BjRHY0oDT5HnsN7bRl3Eh5EM%2FbfcWWfia3RgyFZzsE5Uq1sCzOjbMWg%3D%3D&ppt=None&ppn=None&ssid=eq6gqv5hm80000001667799386004&qH=2be977f3ff92dd10,2022-11-07 11:06:37.098425+05:30
ERTBCXVS,Whirlpool 190 L Direct Cool Single Door 3 Star Refrigerator,14640,17000,13% off,37835,3499,4.3,"['Normal Compressor', 'Built-in Stabilizer', '1 Year on Product and 10 Years on Compressor from Whirlpool']",https://www.flipkart.com/whirlpool-190-l-direct-cool-single-door-3-star-refrigerator/p/itmafa0a476dffe1?pid=RFRFZGFAHQ7VQXZF&lid=LSTRFRFZGFAHQ7VQXZFLUB4OV&marketplace=FLIPKART&q=fridge&store=j9e%2Fabm%2Fhzg&srno=s_13_312&otracker=search&otracker1=search&fm=organic&iid=en_GNdOqYIbnGmMFkzjdrCMn9O3jCfyB4c%2BjRHY0oDT5HkjxjVqdYIYsMnbYbWxq30sZZHikuLs61%2BJy0ccFBS1Fg%3D%3D&ppt=None&ppn=None&ssid=eq6gqv5hm80000001667799386004&qH=2be977f3ff92dd10,2022-11-07 11:06:37.386539+05:30
TPB1FGDC,SAMSUNG 314 l Frost Free Double Door 2 Star Convertible Refrigerator  with with Curd Maestro,34210,42990,20% off,323,36,4.2,"['Digital Inverter Compressor', 'Built-in Stabilizer', '1 year comprehensive warranty on product, 10 years on compressor']",https://www.flipkart.com/samsung-314-l-frost-free-double-door-2-star-convertible-refrigerator-curd-maestro/p/itmccf27fbdc25d8?pid=RFRFZ928SVUDQDCW&lid=LSTRFRFZ928SVUDQDCWMRNVQZ&marketplace=FLIPKART&q=fridge&store=j9e%2Fabm%2Fhzg&srno=s_14_313&otracker=search&otracker1=search&fm=organic&iid=5969426e-0ee3-45f9-931a-25dd40635bd2.RFRFZ928SVUDQDCW.SEARCH&ppt=None&ppn=None&ssid=asxonv1oi80000001667799398593&qH=2be977f3ff92dd10,2022-11-07 11:06:38.409730+05:30
QAPVRV9D,SAMSUNG 192 L Direct Cool Single Door 2 Star Refrigerator,14850,16990,12% off,36,4,4.6,"['Linear Compressor', 'Built-in Stabilizer', '1 Year on Product and 10 Years on Compressor From Samsung']",https://www.flipkart.com/samsung-192-l-direct-cool-single-door-2-star-refrigerator/p/itm11e2bd47386b2?pid=RFRFZKEU52ZF8VCU&lid=LSTRFRFZKEU52ZF8VCU5A8SKL&marketplace=FLIPKART&q=fridge&store=j9e%2Fabm%2Fhzg&srno=s_14_314&otracker=search&otracker1=search&fm=organic&iid=5969426e-0ee3-45f9-931a-25dd40635bd2.RFRFZKEU52ZF8VCU.SEARCH&ppt=None&ppn=None&ssid=asxonv1oi80000001667799398593&qH=2be977f3ff92dd10,2022-11-07 11:06:38.717589+05:30
XGEP6JSR,SAMSUNG 234 L Frost Free Double Door 3 Star Convertible Refrigerator,27600,36990,25% off,5,2,3.4,"['Digital Inverter Compressor', 'Built-in Stabilizer', '1 Year Warranty on Product and 10 Years on Compressor from Samsung']",https://www.flipkart.com/samsung-234-l-frost-free-double-door-3-star-convertible-refrigerator/p/itme38e68bc026e2?pid=RFRFZKEUHSPBVGKA&lid=LSTRFRFZKEUHSPBVGKAYCCCWY&marketplace=FLIPKART&q=fridge&store=j9e%2Fabm%2Fhzg&srno=s_14_315&otracker=search&otracker1=search&fm=organic&iid=5969426e-0ee3-45f9-931a-25dd40635bd2.RFRFZKEUHSPBVGKA.SEARCH&ppt=None&ppn=None&ssid=asxonv1oi80000001667799398593&qH=2be977f3ff92dd10,2022-11-07 11:06:39.487090+05:30
VS13B11I,Whirlpool 190 L Direct Cool Single Door 3 Star Refrigerator,15340,18000,14% off,622,47,4.3,"['Non Inverter Compressor', 'Built-in Stabilizer', '1 Year on Product and 10 Years on Compressor from Whirlpool']",https://www.flipkart.com/whirlpool-190-l-direct-cool-single-door-3-star-refrigerator/p/itmc4870feb17803?pid=RFRG4XR689KTY9QT&lid=LSTRFRG4XR689KTY9QTJUWMVD&marketplace=FLIPKART&q=fridge&store=j9e%2Fabm%2Fhzg&srno=s_14_316&otracker=search&otracker1=search&fm=organic&iid=5969426e-0ee3-45f9-931a-25dd40635bd2.RFRG4XR689KTY9QT.SEARCH&ppt=None&ppn=None&ssid=asxonv1oi80000001667799398593&qH=2be977f3ff92dd10,2022-11-07 11:06:39.828586+05:30
8O4DNXSY,Whirlpool 190 L Direct Cool Single Door 2 Star Refrigerator,12990,15600,16% off,37835,3499,4.3,"['Normal Compressor', 'Built-in Stabilizer', '1 Year on Product and 10 Years on Compressor from Whirlpool']",https://www.flipkart.com/whirlpool-190-l-direct-cool-single-door-2-star-refrigerator/p/itmf6b4c3749b7e4?pid=RFRFZGFAGZUJTXWF&lid=LSTRFRFZGFAGZUJTXWFPDDAKA&marketplace=FLIPKART&q=fridge&store=j9e%2Fabm%2Fhzg&srno=s_14_317&otracker=search&otracker1=search&fm=organic&iid=en_I2OsP%2BGE3PcGiPis2Rn7gpeooZi8HRk9j%2BYBJOP3OBYD3ZeDuD1BmyV8zrjeesWyUxBERcvvxLbebUgcQtk5mQ%3D%3D&ppt=None&ppn=None&ssid=asxonv1oi80000001667799398593&qH=2be977f3ff92dd10,2022-11-07 11:06:40.118192+05:30
VIJGJHGN,Whirlpool 190 L Direct Cool Single Door 3 Star Refrigerator with Base Drawer,16340,20450,20% off,820,91,4.3,"['Non Inverter Compressor', 'Built-in Stabilizer', '1 Year on Product and 10 Years on Compressor from Whirlpool']",https://www.flipkart.com/whirlpool-190-l-direct-cool-single-door-3-star-refrigerator-base-drawer/p/itm495a967730b3c?pid=RFRG4XR6ZDXBEMZR&lid=LSTRFRG4XR6ZDXBEMZRXQJ2DZ&marketplace=FLIPKART&q=fridge&store=j9e%2Fabm%2Fhzg&srno=s_14_318&otracker=search&otracker1=search&fm=organic&iid=en_I2OsP%2BGE3PcGiPis2Rn7gpeooZi8HRk9j%2BYBJOP3OBa4Wban7ArU0FQ8yXpNvppCCik8178uFvOyLd%2F99yHoOg%3D%3D&ppt=None&ppn=None&ssid=asxonv1oi80000001667799398593&qH=2be977f3ff92dd10,2022-11-07 11:06:40.444652+05:30
GPPZLINP,Whirlpool 185 L Direct Cool Single Door 2 Star Refrigerator,13999,16450,14% off,8,0,4,"['Reciprocatory Compressor', 'Built-in Stabilizer', '1 Year Warranty on Product and 10 Years on Compressor From Whirlpool']",https://www.flipkart.com/whirlpool-185-l-direct-cool-single-door-2-star-refrigerator/p/itm12c562d1dc740?pid=RFRGFZYVBFH8G2YM&lid=LSTRFRGFZYVBFH8G2YMPUUZHJ&marketplace=FLIPKART&q=fridge&store=j9e%2Fabm%2Fhzg&srno=s_14_319&otracker=search&otracker1=search&fm=organic&iid=5969426e-0ee3-45f9-931a-25dd40635bd2.RFRGFZYVBFH8G2YM.SEARCH&ppt=None&ppn=None&ssid=asxonv1oi80000001667799398593&qH=2be977f3ff92dd10,2022-11-07 11:06:41.155476+05:30
NRIADXML,LG 668 L Frost Free Side by Side Refrigerator  with with Instaview and Smart ThinQ(WiFi Enabled),166390,188990,11% off,13,1,3.8,"['Inverter Linear Compressor', '1 Year Warranty on product and 10 Years Warranty on compressor from LG']",https://www.flipkart.com/lg-668-l-frost-free-side-refrigerator-instaview-smart-thinq-wifi-enabled/p/itmey5j9kkwprz5q?pid=RFREY5J9PKKNMUHV&lid=LSTRFREY5J9PKKNMUHVFARSSQ&marketplace=FLIPKART&q=fridge&store=j9e%2Fabm%2Fhzg&srno=s_14_320&otracker=search&otracker1=search&fm=organic&iid=5969426e-0ee3-45f9-931a-25dd40635bd2.RFREY5J9PKKNMUHV.SEARCH&ppt=None&ppn=None&ssid=asxonv1oi80000001667799398593&qH=2be977f3ff92dd10,2022-11-07 11:06:41.524520+05:30
9R5Q4P90,Whirlpool 190 L Direct Cool Single Door 2 Star Refrigerator,13540,15900,14% off,37835,3499,4.3,"['Normal Compressor', 'Built-in Stabilizer', '1 Year on Product and 10 Years on Compressor from Whirlpool']",https://www.flipkart.com/whirlpool-190-l-direct-cool-single-door-2-star-refrigerator/p/itm23de1846cafca?pid=RFRFZGFANZJHN6SB&lid=LSTRFRFZGFANZJHN6SBRJ24IH&marketplace=FLIPKART&q=fridge&store=j9e%2Fabm%2Fhzg&srno=s_14_321&otracker=search&otracker1=search&fm=organic&iid=en_I2OsP%2BGE3PcGiPis2Rn7gpeooZi8HRk9j%2BYBJOP3OBYb0jzFZVYS6bNtSLGlpwgFfG1q4G8NhosLJpsjXdZLzg%3D%3D&ppt=None&ppn=None&ssid=asxonv1oi80000001667799398593&qH=2be977f3ff92dd10,2022-11-07 11:06:41.824285+05:30
7NKSAMHF,Whirlpool 190 L Direct Cool Single Door 3 Star Refrigerator with Base Drawer,16340,19500,16% off,444,34,4.3,"['Non Inverter Compressor', 'Built-in Stabilizer', '1 Year on Product and 10 Years on Compressor from Whirlpool']",https://www.flipkart.com/whirlpool-190-l-direct-cool-single-door-3-star-refrigerator-base-drawer/p/itmd625ad7498750?pid=RFRG4XR6FXK3XANH&lid=LSTRFRG4XR6FXK3XANH2QMZGI&marketplace=FLIPKART&q=fridge&store=j9e%2Fabm%2Fhzg&srno=s_14_322&otracker=search&otracker1=search&fm=organic&iid=en_I2OsP%2BGE3PcGiPis2Rn7gpeooZi8HRk9j%2BYBJOP3OBZf2Y6dBaIS%2BhFFeotnqUf5MGzOfXGzGk9IKwrcXp9P4A%3D%3D&ppt=None&ppn=None&ssid=asxonv1oi80000001667799398593&qH=2be977f3ff92dd10,2022-11-07 11:06:42.123667+05:30
FGIP7NNQ,LG 308 L Frost Free Double Door Top Mount 2 Star Refrigerator,30790,43299,28% off,0,0,0,"['Smart Inverter', '1 Year on Product and 10 Years on Compressor']",https://www.flipkart.com/lg-308-l-frost-free-double-door-top-mount-2-star-refrigerator/p/itm24d0f49057a37?pid=RFRGHV8YFQWTFD8Z&lid=LSTRFRGHV8YFQWTFD8ZYQCLBZ&marketplace=FLIPKART&q=fridge&store=j9e%2Fabm%2Fhzg&srno=s_14_323&otracker=search&otracker1=search&fm=organic&iid=5969426e-0ee3-45f9-931a-25dd40635bd2.RFRGHV8YFQWTFD8Z.SEARCH&ppt=None&ppn=None&ssid=asxonv1oi80000001667799398593&qH=2be977f3ff92dd10,2022-11-07 11:06:42.864515+05:30
UO2DZLP1,Liebherr 220 L Direct Cool Single Door 4 Star Refrigerator,20540,27010,23% off,26,1,4.3,"['Fixed Speed Compressor', 'Built-in Stabilizer', '1 Year Warranty on Product and 10 Years on Compressor']",https://www.flipkart.com/liebherr-220-l-direct-cool-single-door-4-star-refrigerator/p/itm4a2fd5ddfcd76?pid=RFRG4NVZVBXQYPBK&lid=LSTRFRG4NVZVBXQYPBKUZQUZC&marketplace=FLIPKART&q=fridge&store=j9e%2Fabm%2Fhzg&srno=s_14_324&otracker=search&otracker1=search&fm=organic&iid=5969426e-0ee3-45f9-931a-25dd40635bd2.RFRG4NVZVBXQYPBK.SEARCH&ppt=None&ppn=None&ssid=asxonv1oi80000001667799398593&qH=2be977f3ff92dd10,2022-11-07 11:06:43.704276+05:30
HC00XE7N,Whirlpool 190 L Direct Cool Single Door 2 Star Refrigerator,13540,16500,17% off,37835,3499,4.3,"['Normal Compressor', 'Built-in Stabilizer', '1 Year on Product and 10 Years on Compressor from Whirlpool']",https://www.flipkart.com/whirlpool-190-l-direct-cool-single-door-2-star-refrigerator/p/itm823c53fcf0200?pid=RFRFZGFADYS3UTBG&lid=LSTRFRFZGFADYS3UTBGFVSNUE&marketplace=FLIPKART&q=fridge&store=j9e%2Fabm%2Fhzg&srno=s_14_325&otracker=search&otracker1=search&fm=organic&iid=5969426e-0ee3-45f9-931a-25dd40635bd2.RFRFZGFADYS3UTBG.SEARCH&ppt=None&ppn=None&ssid=asxonv1oi80000001667799398593&qH=2be977f3ff92dd10,2022-11-07 11:06:44.019825+05:30
Q3MUPGQH,LG 190 L Direct Cool Single Door 2 Star Refrigerator,14880,19497,23% off,0,0,0,"['RECIPROCATING COMPRESSOR', 'Built-in Stabilizer', '1 Year on Refrigerator Unit and 5 Years on Compressor from LG']",https://www.flipkart.com/lg-190-l-direct-cool-single-door-2-star-refrigerator/p/itm835186eccac93?pid=RFRGDM3GJTZBMAXP&lid=LSTRFRGDM3GJTZBMAXPUDCPKU&marketplace=FLIPKART&q=fridge&store=j9e%2Fabm%2Fhzg&srno=s_14_326&otracker=search&otracker1=search&fm=organic&iid=5969426e-0ee3-45f9-931a-25dd40635bd2.RFRGDM3GJTZBMAXP.SEARCH&ppt=None&ppn=None&ssid=asxonv1oi80000001667799398593&qH=2be977f3ff92dd10,2022-11-07 11:06:44.341580+05:30
32ZOUIOW,Whirlpool 190 L Direct Cool Single Door 3 Star Refrigerator,15340,17600,12% off,1327,122,4.2,"['Non Inverter Compressor', 'Built-in Stabilizer', '1 Year on Product and 10 Years on Compressor from Whirlpool']",https://www.flipkart.com/whirlpool-190-l-direct-cool-single-door-3-star-refrigerator/p/itm600cc6ce9ae49?pid=RFRG4XR6QNSM6X5H&lid=LSTRFRG4XR6QNSM6X5HUWM1ZO&marketplace=FLIPKART&q=fridge&store=j9e%2Fabm%2Fhzg&srno=s_14_327&otracker=search&otracker1=search&fm=organic&iid=en_I2OsP%2BGE3PcGiPis2Rn7gpeooZi8HRk9j%2BYBJOP3OBZIFAkqyyhANBT%2FzWM69UAh3RgyFZzsE5Uq1sCzOjbMWg%3D%3D&ppt=None&ppn=None&ssid=asxonv1oi80000001667799398593&qH=2be977f3ff92dd10,2022-11-07 11:06:44.695216+05:30
ZPKLA02M,Whirlpool 190 L Direct Cool Single Door 3 Star Refrigerator,14640,17000,13% off,37835,3499,4.3,"['Normal Compressor', 'Built-in Stabilizer', '1 Year on Product and 10 Years on Compressor from Whirlpool']",https://www.flipkart.com/whirlpool-190-l-direct-cool-single-door-3-star-refrigerator/p/itmafa0a476dffe1?pid=RFRFZGFAHQ7VQXZF&lid=LSTRFRFZGFAHQ7VQXZFLUB4OV&marketplace=FLIPKART&q=fridge&store=j9e%2Fabm%2Fhzg&srno=s_14_328&otracker=search&otracker1=search&fm=organic&iid=en_I2OsP%2BGE3PcGiPis2Rn7gpeooZi8HRk9j%2BYBJOP3OBZ37wfrXZSiwRTeiOkamXOf9id%2Byr2a%2Frjl%2FtNWn3LZxQ%3D%3D&ppt=None&ppn=None&ssid=asxonv1oi80000001667799398593&qH=2be977f3ff92dd10,2022-11-07 11:06:45.002148+05:30
IZ8VC1L1,Haier 460 L Frost Free Double Door 4 Star Convertible Refrigerator,54490,89990,39% off,7,3,4.4,"['Inverter Compressor', 'Built-in Stabilizer', '1 Year Warranty on Product and 10 Years Warranty on Compressor and Fan Motor']",https://www.flipkart.com/haier-460-l-frost-free-double-door-4-star-convertible-refrigerator/p/itm74631d77a539a?pid=RFRGHAHM4PAWHZCY&lid=LSTRFRGHAHM4PAWHZCYW0DLXO&marketplace=FLIPKART&q=fridge&store=j9e%2Fabm%2Fhzg&srno=s_14_329&otracker=search&otracker1=search&fm=organic&iid=5969426e-0ee3-45f9-931a-25dd40635bd2.RFRGHAHM4PAWHZCY.SEARCH&ppt=None&ppn=None&ssid=asxonv1oi80000001667799398593&qH=2be977f3ff92dd10,2022-11-07 11:06:45.393029+05:30
QUD6NJ3F,LG 423 L Frost Free Double Door 3 Star Convertible Refrigerator,52899,67999,22% off,0,0,0,"['Smart Inverter Compressor', 'Built-in Stabilizer', '1 Year Manufacturer Comprehensive Warranty and 10 Years on Compressor']",https://www.flipkart.com/lg-423-l-frost-free-double-door-3-star-convertible-refrigerator/p/itmf4c8a097c4c06?pid=RFRGDUP89XFYGZZT&lid=LSTRFRGDUP89XFYGZZTGLBXOQ&marketplace=FLIPKART&q=fridge&store=j9e%2Fabm%2Fhzg&srno=s_14_330&otracker=search&otracker1=search&fm=organic&iid=5969426e-0ee3-45f9-931a-25dd40635bd2.RFRGDUP89XFYGZZT.SEARCH&ppt=None&ppn=None&ssid=asxonv1oi80000001667799398593&qH=2be977f3ff92dd10,2022-11-07 11:06:45.696733+05:30
8BKKHA2V,Whirlpool 190 L Direct Cool Single Door 3 Star Refrigerator,14640,18700,21% off,37835,3499,4.3,"['Normal Compressor', 'Built-in Stabilizer', '1 Year on Product and 10 Years on Compressor from Whirlpool']",https://www.flipkart.com/whirlpool-190-l-direct-cool-single-door-3-star-refrigerator/p/itm94a1658747a65?pid=RFRFZGFAFJAANRWP&lid=LSTRFRFZGFAFJAANRWPKN0PYK&marketplace=FLIPKART&q=fridge&store=j9e%2Fabm%2Fhzg&srno=s_14_331&otracker=search&otracker1=search&fm=organic&iid=en_I2OsP%2BGE3PcGiPis2Rn7gpeooZi8HRk9j%2BYBJOP3OBaLOEYcv3d2a%2BINgsV4ZinhQ99ZbiOJ%2Bg96C1A41aEjrQ%3D%3D&ppt=None&ppn=None&ssid=asxonv1oi80000001667799398593&qH=2be977f3ff92dd10,2022-11-07 11:06:45.987309+05:30
CIOE2T0X,Whirlpool 190 L Direct Cool Single Door 3 Star Refrigerator,14000,18700,25% off,37835,3499,4.3,"['Normal Compressor', 'Built-in Stabilizer', '1 Year on Product and 10 Years on Compressor from Whirlpool']",https://www.flipkart.com/whirlpool-190-l-direct-cool-single-door-3-star-refrigerator/p/itmf8e85786b09ef?pid=RFRFZGFAMXNUREWN&lid=LSTRFRFZGFAMXNUREWN3V8KEL&marketplace=FLIPKART&q=fridge&store=j9e%2Fabm%2Fhzg&srno=s_14_332&otracker=search&otracker1=search&fm=organic&iid=en_I2OsP%2BGE3PcGiPis2Rn7gpeooZi8HRk9j%2BYBJOP3OBZun6umabkKpXIovuYGAnXUMS96o%2BR53YD60lqIk4fxYw%3D%3D&ppt=None&ppn=None&ssid=asxonv1oi80000001667799398593&qH=2be977f3ff92dd10,2022-11-07 11:06:46.291175+05:30
TXT9ABHR,LG 190 L Direct Cool Single Door 3 Star Refrigerator with Base Drawer,21199,21199,0,0,0,0,"['Conventional Compressor', 'Built-in Stabilizer', '1 Year on Product and 10 Years on Compressor From LG']",https://www.flipkart.com/lg-190-l-direct-cool-single-door-3-star-refrigerator-base-drawer/p/itmb0c31ce88ae06?pid=RFRGGBF5Y9ZRPUZS&lid=LSTRFRGGBF5Y9ZRPUZSI0QZCR&marketplace=FLIPKART&q=fridge&store=j9e%2Fabm%2Fhzg&srno=s_14_333&otracker=search&otracker1=search&fm=organic&iid=5969426e-0ee3-45f9-931a-25dd40635bd2.RFRGGBF5Y9ZRPUZS.SEARCH&ppt=None&ppn=None&ssid=asxonv1oi80000001667799398593&qH=2be977f3ff92dd10,2022-11-07 11:06:47.151902+05:30
H2ZKN5V3,Whirlpool 205 L Direct Cool Single Door 2 Star Refrigerator,15789,18900,16% off,0,0,0,"['inverter compressor', 'Built-in Stabilizer', '1 Year Warranty on Product and 10 Years Warranty on Compressor from Whirlpool']",https://www.flipkart.com/whirlpool-205-l-direct-cool-single-door-2-star-refrigerator/p/itm036b71312678b?pid=RFRGGKTHFFDD6VPS&lid=LSTRFRGGKTHFFDD6VPSTDDQWA&marketplace=FLIPKART&q=fridge&store=j9e%2Fabm%2Fhzg&srno=s_14_334&otracker=search&otracker1=search&fm=organic&iid=5969426e-0ee3-45f9-931a-25dd40635bd2.RFRGGKTHFFDD6VPS.SEARCH&ppt=None&ppn=None&ssid=asxonv1oi80000001667799398593&qH=2be977f3ff92dd10,2022-11-07 11:06:47.942965+05:30
IBUXYG8K,SAMSUNG 198 L Direct Cool Single Door 5 Star Refrigerator with Base Drawer,19108,23990,20% off,24,4,4,"['Digital Inverter Compressor', 'Built-in Stabilizer', '1 Year Warranty on Product and 10 Years Warranty on Compressor From Samsung']",https://www.flipkart.com/samsung-198-l-direct-cool-single-door-5-star-refrigerator-base-drawer/p/itm74db9ddb59037?pid=RFRGGUUZE6GTQ7R9&lid=LSTRFRGGUUZE6GTQ7R9HVWVJP&marketplace=FLIPKART&q=fridge&store=j9e%2Fabm%2Fhzg&srno=s_14_335&otracker=search&otracker1=search&fm=organic&iid=5969426e-0ee3-45f9-931a-25dd40635bd2.RFRGGUUZE6GTQ7R9.SEARCH&ppt=None&ppn=None&ssid=asxonv1oi80000001667799398593&qH=2be977f3ff92dd10,2022-11-07 11:06:48.810249+05:30
AAK773S2,SAMSUNG 579 L Frost Free Double Door Bottom Mount Inverter Technology Star Convertible Refrigerator wi...,79000,93581,15% off,1,1,5,"['Digital Inverter Compressor', 'Built-in Stabilizer', '1Year Warranty on Product and 10 Years Warranty on Compressor from Samsung']",https://www.flipkart.com/samsung-579-l-frost-free-double-door-bottom-mount-inverter-technology-star-convertible-refrigerator-base-drawer/p/itm982d8f05b5ca3?pid=RFRG5T858978GH43&lid=LSTRFRG5T858978GH43IAL1IM&marketplace=FLIPKART&q=fridge&store=j9e%2Fabm%2Fhzg&srno=s_14_336&otracker=search&otracker1=search&fm=organic&iid=5969426e-0ee3-45f9-931a-25dd40635bd2.RFRG5T858978GH43.SEARCH&ppt=None&ppn=None&ssid=asxonv1oi80000001667799398593&qH=2be977f3ff92dd10,2022-11-07 11:06:49.307325+05:30
GHT8B863,Whirlpool 190 L Direct Cool Single Door 2 Star Refrigerator,12990,15600,16% off,37835,3499,4.3,"['Normal Compressor', 'Built-in Stabilizer', '1 Year on Product and 10 Years on Compressor from Whirlpool']",https://www.flipkart.com/whirlpool-190-l-direct-cool-single-door-2-star-refrigerator/p/itmf6b4c3749b7e4?pid=RFRFZGFAGZUJTXWF&lid=LSTRFRFZGFAGZUJTXWFPDDAKA&marketplace=FLIPKART&q=fridge&store=j9e%2Fabm%2Fhzg&srno=s_15_337&otracker=search&otracker1=search&fm=organic&iid=en_dp4iNtH8xwf%2BpgDkmJpoNYMTsV7vPg3q2%2BogAPyeaDOOIl8EwzsWdzCGSWChbgQpUxBERcvvxLbebUgcQtk5mQ%3D%3D&ppt=None&ppn=None&ssid=tfkuramkf40000001667799410493&qH=2be977f3ff92dd10,2022-11-07 11:06:50.350574+05:30
CUQ1HTO0,Whirlpool 190 L Direct Cool Single Door 3 Star Refrigerator with Base Drawer,16340,20450,20% off,820,91,4.3,"['Non Inverter Compressor', 'Built-in Stabilizer', '1 Year on Product and 10 Years on Compressor from Whirlpool']",https://www.flipkart.com/whirlpool-190-l-direct-cool-single-door-3-star-refrigerator-base-drawer/p/itm495a967730b3c?pid=RFRG4XR6ZDXBEMZR&lid=LSTRFRG4XR6ZDXBEMZRXQJ2DZ&marketplace=FLIPKART&q=fridge&store=j9e%2Fabm%2Fhzg&srno=s_15_338&otracker=search&otracker1=search&fm=organic&iid=en_dp4iNtH8xwf%2BpgDkmJpoNYMTsV7vPg3q2%2BogAPyeaDPA%2FFXpeLhBgA2zRLmIs8SkCik8178uFvOyLd%2F99yHoOg%3D%3D&ppt=None&ppn=None&ssid=tfkuramkf40000001667799410493&qH=2be977f3ff92dd10,2022-11-07 11:06:50.654148+05:30
4LCP1FTM,Godrej 99 L Direct Cool Single Door 2 Star Refrigerator,11490,13000,11% off,183,24,3.9,"['Intelligent Inverter Compressor', 'Built-in Stabilizer', '1 Year Comprehensive and 5 Years Motor Warranty From Godrej']",https://www.flipkart.com/godrej-99-l-direct-cool-single-door-2-star-refrigerator/p/itmbd2c1feb134bd?pid=RFRG8ZA24EGZFJM8&lid=LSTRFRG8ZA24EGZFJM8AOGP0E&marketplace=FLIPKART&q=fridge&store=j9e%2Fabm%2Fhzg&srno=s_15_339&otracker=search&otracker1=search&fm=organic&iid=9bd29a4a-3f60-4ad8-8b0a-6fba8a40cbc2.RFRG8ZA24EGZFJM8.SEARCH&ppt=None&ppn=None&ssid=tfkuramkf40000001667799410493&qH=2be977f3ff92dd10,2022-11-07 11:06:51.365650+05:30
NVN3T3YT,LG 190 L Direct Cool Single Door 3 Star Refrigerator,14950,20599,27% off,5,0,4.6,"['Reciprocating Compressor', 'Built-in Stabilizer', '1 Year Warranty on Product and 10 Years Warranty on Compressor From LG']",https://www.flipkart.com/lg-190-l-direct-cool-single-door-3-star-refrigerator/p/itm4a3ea569fc8c9?pid=RFRGG45T9KCBW6DZ&lid=LSTRFRGG45T9KCBW6DZAQKYEC&marketplace=FLIPKART&q=fridge&store=j9e%2Fabm%2Fhzg&srno=s_15_340&otracker=search&otracker1=search&fm=organic&iid=9bd29a4a-3f60-4ad8-8b0a-6fba8a40cbc2.RFRGG45T9KCBW6DZ.SEARCH&ppt=None&ppn=None&ssid=tfkuramkf40000001667799410493&qH=2be977f3ff92dd10,2022-11-07 11:06:52.163222+05:30
I1HFL9TW,Whirlpool 190 L Direct Cool Single Door 2 Star Refrigerator,13540,15900,14% off,37835,3499,4.3,"['Normal Compressor', 'Built-in Stabilizer', '1 Year on Product and 10 Years on Compressor from Whirlpool']",https://www.flipkart.com/whirlpool-190-l-direct-cool-single-door-2-star-refrigerator/p/itm23de1846cafca?pid=RFRFZGFANZJHN6SB&lid=LSTRFRFZGFANZJHN6SBRJ24IH&marketplace=FLIPKART&q=fridge&store=j9e%2Fabm%2Fhzg&srno=s_15_341&otracker=search&otracker1=search&fm=organic&iid=en_dp4iNtH8xwf%2BpgDkmJpoNYMTsV7vPg3q2%2BogAPyeaDPN1%2BxVT7CWgT8CVWUxLJP0fG1q4G8NhosLJpsjXdZLzg%3D%3D&ppt=None&ppn=None&ssid=tfkuramkf40000001667799410493&qH=2be977f3ff92dd10,2022-11-07 11:06:52.481788+05:30
D1CZQBOP,Whirlpool 190 L Direct Cool Single Door 3 Star Refrigerator with Base Drawer,16340,19500,16% off,444,34,4.3,"['Non Inverter Compressor', 'Built-in Stabilizer', '1 Year on Product and 10 Years on Compressor from Whirlpool']",https://www.flipkart.com/whirlpool-190-l-direct-cool-single-door-3-star-refrigerator-base-drawer/p/itmd625ad7498750?pid=RFRG4XR6FXK3XANH&lid=LSTRFRG4XR6FXK3XANH2QMZGI&marketplace=FLIPKART&q=fridge&store=j9e%2Fabm%2Fhzg&srno=s_15_342&otracker=search&otracker1=search&fm=organic&iid=en_dp4iNtH8xwf%2BpgDkmJpoNYMTsV7vPg3q2%2BogAPyeaDPzJ1%2FaR%2FfCNBVGvi2vsW6GMGzOfXGzGk9IKwrcXp9P4A%3D%3D&ppt=None&ppn=None&ssid=tfkuramkf40000001667799410493&qH=2be977f3ff92dd10,2022-11-07 11:06:52.782228+05:30
ZRHS6RXK,LG 284 L Frost Free Double Door 3 Star Convertible Refrigerator,34990,45099,22% off,0,0,0,"['Smart Inverter Compressor', 'Built-in Stabilizer', '1 Year Warranty on Product and 10 Years on Compressor From LG']",https://www.flipkart.com/lg-284-l-frost-free-double-door-3-star-convertible-refrigerator/p/itm2aa191b6f315b?pid=RFRGGBY5UPTVKHGA&lid=LSTRFRGGBY5UPTVKHGA51LHIS&marketplace=FLIPKART&q=fridge&store=j9e%2Fabm%2Fhzg&srno=s_15_343&otracker=search&otracker1=search&fm=organic&iid=9bd29a4a-3f60-4ad8-8b0a-6fba8a40cbc2.RFRGGBY5UPTVKHGA.SEARCH&ppt=None&ppn=None&ssid=tfkuramkf40000001667799410493&qH=2be977f3ff92dd10,2022-11-07 11:06:53.127591+05:30
W80NX15K,SAMSUNG 551 L Frost Free Double Door 2 Star Convertible Refrigerator,59999,75025,20% off,0,0,0,"['Digital Inverter Compressor', 'Built-in Stabilizer', '1 Year Warranty on Product and 10 Years on Compressor']",https://www.flipkart.com/samsung-551-l-frost-free-double-door-2-star-convertible-refrigerator/p/itm3256a02c9e9c8?pid=RFRFRCYMZKZNGYMR&lid=LSTRFRFRCYMZKZNGYMR6WK33H&marketplace=FLIPKART&q=fridge&store=j9e%2Fabm%2Fhzg&srno=s_15_344&otracker=search&otracker1=search&fm=organic&iid=9bd29a4a-3f60-4ad8-8b0a-6fba8a40cbc2.RFRFRCYMZKZNGYMR.SEARCH&ppt=None&ppn=None&ssid=tfkuramkf40000001667799410493&qH=2be977f3ff92dd10,2022-11-07 11:06:53.934390+05:30
YPLCBO94,LG 190 L Direct Cool Single Door 3 Star Refrigerator,16990,22299,23% off,0,0,0,"['Smart Inverter Compressor', 'Built-in Stabilizer', '1 Year Warranty on Product and 10 Years Warranty on Compressor From LG']",https://www.flipkart.com/lg-190-l-direct-cool-single-door-3-star-refrigerator/p/itm22a5d37206ed3?pid=RFRGG5JTBZYUZ9FE&lid=LSTRFRGG5JTBZYUZ9FEOFPUNC&marketplace=FLIPKART&q=fridge&store=j9e%2Fabm%2Fhzg&srno=s_15_345&otracker=search&otracker1=search&fm=organic&iid=9bd29a4a-3f60-4ad8-8b0a-6fba8a40cbc2.RFRGG5JTBZYUZ9FE.SEARCH&ppt=None&ppn=None&ssid=tfkuramkf40000001667799410493&qH=2be977f3ff92dd10,2022-11-07 11:06:54.729646+05:30
646EMEDL,LG 190 L Direct Cool Single Door 3 Star Refrigerator,17384,21190,17% off,14,0,4,"['Smart Inverter Compressor', 'Built-in Stabilizer', '1 Year Warranty on Product and 10 Years Warranty on Compressor']",https://www.flipkart.com/lg-190-l-direct-cool-single-door-3-star-refrigerator/p/itmdc5f9b1f70edf?pid=RFRGDM3PBMZUFAEA&lid=LSTRFRGDM3PBMZUFAEAXTIUZK&marketplace=FLIPKART&q=fridge&store=j9e%2Fabm%2Fhzg&srno=s_15_346&otracker=search&otracker1=search&fm=organic&iid=9bd29a4a-3f60-4ad8-8b0a-6fba8a40cbc2.RFRGDM3PBMZUFAEA.SEARCH&ppt=None&ppn=None&ssid=tfkuramkf40000001667799410493&qH=2be977f3ff92dd10,2022-11-07 11:06:55.122668+05:30
SOCXB1NW,Whirlpool 190 L Direct Cool Single Door 2 Star Refrigerator,13540,16500,17% off,37835,3499,4.3,"['Normal Compressor', 'Built-in Stabilizer', '1 Year on Product and 10 Years on Compressor from Whirlpool']",https://www.flipkart.com/whirlpool-190-l-direct-cool-single-door-2-star-refrigerator/p/itm823c53fcf0200?pid=RFRFZGFADYS3UTBG&lid=LSTRFRFZGFADYS3UTBGFVSNUE&marketplace=FLIPKART&q=fridge&store=j9e%2Fabm%2Fhzg&srno=s_15_347&otracker=search&otracker1=search&fm=organic&iid=en_dp4iNtH8xwf%2BpgDkmJpoNYMTsV7vPg3q2%2BogAPyeaDMl74YtE2JcAj3cnw4UMNgW6VmDAgCf6DMckC1h3ZnRZg%3D%3D&ppt=None&ppn=None&ssid=tfkuramkf40000001667799410493&qH=2be977f3ff92dd10,2022-11-07 11:06:55.421968+05:30
IV8ISK21,Whirlpool 190 L Direct Cool Single Door 3 Star Refrigerator,15340,18000,14% off,622,47,4.3,"['Non Inverter Compressor', 'Built-in Stabilizer', '1 Year on Product and 10 Years on Compressor from Whirlpool']",https://www.flipkart.com/whirlpool-190-l-direct-cool-single-door-3-star-refrigerator/p/itmc4870feb17803?pid=RFRG4XR689KTY9QT&lid=LSTRFRG4XR689KTY9QTJUWMVD&marketplace=FLIPKART&q=fridge&store=j9e%2Fabm%2Fhzg&srno=s_15_348&otracker=search&otracker1=search&fm=organic&iid=en_dp4iNtH8xwf%2BpgDkmJpoNYMTsV7vPg3q2%2BogAPyeaDMkt87%2BjuSNEwof0NM5tO6USnPWXWX2eFur1r0QMwaKtQ%3D%3D&ppt=None&ppn=None&ssid=tfkuramkf40000001667799410493&qH=2be977f3ff92dd10,2022-11-07 11:06:55.721403+05:30
S648GQL0,SAMSUNG 192 L Direct Cool Single Door 1 Star Refrigerator,14790,16590,10% off,94,6,4.2,"['Linear Compressor', 'Built-in Stabilizer', '1 Year on Product and 10 Years on Compressor From Samsung']",https://www.flipkart.com/samsung-192-l-direct-cool-single-door-1-star-refrigerator/p/itm77f41d784bd73?pid=RFRFZKEUYRBHQHWH&lid=LSTRFRFZKEUYRBHQHWHO6PHEJ&marketplace=FLIPKART&q=fridge&store=j9e%2Fabm%2Fhzg&srno=s_15_349&otracker=search&otracker1=search&fm=organic&iid=9bd29a4a-3f60-4ad8-8b0a-6fba8a40cbc2.RFRFZKEUYRBHQHWH.SEARCH&ppt=None&ppn=None&ssid=tfkuramkf40000001667799410493&qH=2be977f3ff92dd10,2022-11-07 11:06:56.520819+05:30
ZOWIACEW,LG 215 L Direct Cool Single Door 3 Star Refrigerator,17550,26090,32% off,26,1,3.9,"['Smart Inverter Compressor', 'Built-in Stabilizer', '1 Year Warranty on Product and 10 Years on Compressor from LG']",https://www.flipkart.com/lg-215-l-direct-cool-single-door-3-star-refrigerator/p/itmd97dbd727696e?pid=RFRG5J3GCSYA7FCH&lid=LSTRFRG5J3GCSYA7FCHEI3PAE&marketplace=FLIPKART&q=fridge&store=j9e%2Fabm%2Fhzg&srno=s_15_350&otracker=search&otracker1=search&fm=organic&iid=9bd29a4a-3f60-4ad8-8b0a-6fba8a40cbc2.RFRG5J3GCSYA7FCH.SEARCH&ppt=None&ppn=None&ssid=tfkuramkf40000001667799410493&qH=2be977f3ff92dd10,2022-11-07 11:06:57.312642+05:30
VEL17DTZ,Whirlpool 190 L Direct Cool Single Door 3 Star Refrigerator,15340,17600,12% off,1327,122,4.2,"['Non Inverter Compressor', 'Built-in Stabilizer', '1 Year on Product and 10 Years on Compressor from Whirlpool']",https://www.flipkart.com/whirlpool-190-l-direct-cool-single-door-3-star-refrigerator/p/itm600cc6ce9ae49?pid=RFRG4XR6QNSM6X5H&lid=LSTRFRG4XR6QNSM6X5HUWM1ZO&marketplace=FLIPKART&q=fridge&store=j9e%2Fabm%2Fhzg&srno=s_15_351&otracker=search&otracker1=search&fm=organic&iid=en_dp4iNtH8xwf%2BpgDkmJpoNYMTsV7vPg3q2%2BogAPyeaDN8zMBiGHi%2BlzWK3Xuu4Feh3RgyFZzsE5Uq1sCzOjbMWg%3D%3D&ppt=None&ppn=None&ssid=tfkuramkf40000001667799410493&qH=2be977f3ff92dd10,2022-11-07 11:06:57.617387+05:30
WPCRVMA0,Whirlpool 190 L Direct Cool Single Door 3 Star Refrigerator,14640,17000,13% off,37835,3499,4.3,"['Normal Compressor', 'Built-in Stabilizer', '1 Year on Product and 10 Years on Compressor from Whirlpool']",https://www.flipkart.com/whirlpool-190-l-direct-cool-single-door-3-star-refrigerator/p/itmafa0a476dffe1?pid=RFRFZGFAHQ7VQXZF&lid=LSTRFRFZGFAHQ7VQXZFLUB4OV&marketplace=FLIPKART&q=fridge&store=j9e%2Fabm%2Fhzg&srno=s_15_352&otracker=search&otracker1=search&fm=organic&iid=en_dp4iNtH8xwf%2BpgDkmJpoNYMTsV7vPg3q2%2BogAPyeaDOnh2%2BpOufu0spEyqrdeQ899id%2Byr2a%2Frjl%2FtNWn3LZxQ%3D%3D&ppt=None&ppn=None&ssid=tfkuramkf40000001667799410493&qH=2be977f3ff92dd10,2022-11-07 11:06:57.902880+05:30
CKUNKND3,SAMSUNG 336 L Frost Free Double Door 3 Star Refrigerator,39490,47990,17% off,6,0,4.3,"['Digital Inverter Compressor', 'Built-in Stabilizer', '1 Year Warranty on Product and 10 Years on Compressor from Samsung']",https://www.flipkart.com/samsung-336-l-frost-free-double-door-3-star-refrigerator/p/itm98e034938b888?pid=RFRG49A75T94T44G&lid=LSTRFRG49A75T94T44GHACBBU&marketplace=FLIPKART&q=fridge&store=j9e%2Fabm%2Fhzg&srno=s_15_353&otracker=search&otracker1=search&fm=organic&iid=9bd29a4a-3f60-4ad8-8b0a-6fba8a40cbc2.RFRG49A75T94T44G.SEARCH&ppt=None&ppn=None&ssid=tfkuramkf40000001667799410493&qH=2be977f3ff92dd10,2022-11-07 11:06:58.893259+05:30
90750X5U,Godrej 221 L Direct Cool Single Door 3 Star Refrigerator,16290,23320,30% off,0,0,0,"['Inverter', 'Built-in Stabilizer', '1 Year Comprehensive Warranty and 10 Years Compressor Warranty from Godrej']",https://www.flipkart.com/godrej-221-l-direct-cool-single-door-3-star-refrigerator/p/itma6249840eea85?pid=RFRG4AM9FM9CNGZP&lid=LSTRFRG4AM9FM9CNGZPH3TI9F&marketplace=FLIPKART&q=fridge&store=j9e%2Fabm%2Fhzg&srno=s_15_354&otracker=search&otracker1=search&fm=organic&iid=9bd29a4a-3f60-4ad8-8b0a-6fba8a40cbc2.RFRG4AM9FM9CNGZP.SEARCH&ppt=None&ppn=None&ssid=tfkuramkf40000001667799410493&qH=2be977f3ff92dd10,2022-11-07 11:06:59.829627+05:30
KA7JSFQM,Godrej 244 L Frost Free Double Door 3 Star Convertible Refrigerator,23490,29700,20% off,737,73,4.3,"['Multi Inverter Technology', 'Built-in Stabilizer', '1 Year on Product and 10 Years on the Compressor from Godrej']",https://www.flipkart.com/godrej-244-l-frost-free-double-door-3-star-convertible-refrigerator/p/itm0d16eaf889c95?pid=RFRG6F25JNSGTBZ4&lid=LSTRFRG6F25JNSGTBZ4MIVZKI&marketplace=FLIPKART&q=fridge&store=j9e%2Fabm%2Fhzg&srno=s_15_355&otracker=search&otracker1=search&fm=organic&iid=9bd29a4a-3f60-4ad8-8b0a-6fba8a40cbc2.RFRG6F25JNSGTBZ4.SEARCH&ppt=None&ppn=None&ssid=tfkuramkf40000001667799410493&qH=2be977f3ff92dd10,2022-11-07 11:07:00.197045+05:30
SV6FGRJU,SAMSUNG 253 L Frost Free Double Door 2 Star Refrigerator with Base Drawer,26600,29990,11% off,24,2,4.2,"['Digital Inverter Compressor', 'Built-in Stabilizer', '1 Year Warranty on Product and 10 Years on Compressor']",https://www.flipkart.com/samsung-253-l-frost-free-double-door-2-star-refrigerator-base-drawer/p/itm0db5d6f4f8411?pid=RFRFZGJC4EW7PSTH&lid=LSTRFRFZGJC4EW7PSTHARIFZB&marketplace=FLIPKART&q=fridge&store=j9e%2Fabm%2Fhzg&srno=s_15_356&otracker=search&otracker1=search&fm=organic&iid=9bd29a4a-3f60-4ad8-8b0a-6fba8a40cbc2.RFRFZGJC4EW7PSTH.SEARCH&ppt=None&ppn=None&ssid=tfkuramkf40000001667799410493&qH=2be977f3ff92dd10,2022-11-07 11:07:01.116582+05:30
7N5JPYLU,Whirlpool 190 L Direct Cool Single Door 3 Star Refrigerator,14640,18700,21% off,37835,3499,4.3,"['Normal Compressor', 'Built-in Stabilizer', '1 Year on Product and 10 Years on Compressor from Whirlpool']",https://www.flipkart.com/whirlpool-190-l-direct-cool-single-door-3-star-refrigerator/p/itm94a1658747a65?pid=RFRFZGFAFJAANRWP&lid=LSTRFRFZGFAFJAANRWPKN0PYK&marketplace=FLIPKART&q=fridge&store=j9e%2Fabm%2Fhzg&srno=s_15_357&otracker=search&otracker1=search&fm=organic&iid=en_dp4iNtH8xwf%2BpgDkmJpoNYMTsV7vPg3q2%2BogAPyeaDMItsn9ZmoIbJwMeQoO9sS%2BQ99ZbiOJ%2Bg96C1A41aEjrQ%3D%3D&ppt=None&ppn=None&ssid=tfkuramkf40000001667799410493&qH=2be977f3ff92dd10,2022-11-07 11:07:01.418963+05:30
ABF6RGVE,Whirlpool 190 L Direct Cool Single Door 3 Star Refrigerator,14000,18700,25% off,37835,3499,4.3,"['Normal Compressor', 'Built-in Stabilizer', '1 Year on Product and 10 Years on Compressor from Whirlpool']",https://www.flipkart.com/whirlpool-190-l-direct-cool-single-door-3-star-refrigerator/p/itmf8e85786b09ef?pid=RFRFZGFAMXNUREWN&lid=LSTRFRFZGFAMXNUREWN3V8KEL&marketplace=FLIPKART&q=fridge&store=j9e%2Fabm%2Fhzg&srno=s_15_358&otracker=search&otracker1=search&fm=organic&iid=en_dp4iNtH8xwf%2BpgDkmJpoNYMTsV7vPg3q2%2BogAPyeaDP083jAx1SFrJQbUPSXw5Y8MS96o%2BR53YD60lqIk4fxYw%3D%3D&ppt=None&ppn=None&ssid=tfkuramkf40000001667799410493&qH=2be977f3ff92dd10,2022-11-07 11:07:01.705624+05:30
LUFW37E9,SAMSUNG 253 L Frost Free Double Door 2 Star Refrigerator with Base Drawer,27390,30990,11% off,232,27,4.4,"['Digital Inverter Compressor', 'Built-in Stabilizer', '1 Year Warranty on Product and 10 Years on Compressor']",https://www.flipkart.com/samsung-253-l-frost-free-double-door-2-star-refrigerator-base-drawer/p/itm781aa5fa2389d?pid=RFRFQNEKDANRPZX5&lid=LSTRFRFQNEKDANRPZX5QZHKUP&marketplace=FLIPKART&q=fridge&store=j9e%2Fabm%2Fhzg&srno=s_15_359&otracker=search&otracker1=search&fm=organic&iid=9bd29a4a-3f60-4ad8-8b0a-6fba8a40cbc2.RFRFQNEKDANRPZX5.SEARCH&ppt=None&ppn=None&ssid=tfkuramkf40000001667799410493&qH=2be977f3ff92dd10,2022-11-07 11:07:02.088272+05:30
9UY70QTZ,LG 190 L Direct Cool Single Door 5 Star Refrigerator with Base Drawer,18990,26000,26% off,4,1,4.5,"['Smart Inverter Compressor', 'Built-in Stabilizer', '1 Year on Product and 10 Years on Compressor From LG']",https://www.flipkart.com/lg-190-l-direct-cool-single-door-5-star-refrigerator-base-drawer/p/itm95ae234dbfca6?pid=RFRGGBF5YFMTHXAS&lid=LSTRFRGGBF5YFMTHXASXB2WAM&marketplace=FLIPKART&q=fridge&store=j9e%2Fabm%2Fhzg&srno=s_15_360&otracker=search&otracker1=search&fm=organic&iid=9bd29a4a-3f60-4ad8-8b0a-6fba8a40cbc2.RFRGGBF5YFMTHXAS.SEARCH&ppt=None&ppn=None&ssid=tfkuramkf40000001667799410493&qH=2be977f3ff92dd10,2022-11-07 11:07:03.117866+05:30
99N6F91B,Whirlpool 190 L Direct Cool Single Door 2 Star Refrigerator,12990,15600,16% off,37835,3499,4.3,"['Normal Compressor', 'Built-in Stabilizer', '1 Year on Product and 10 Years on Compressor from Whirlpool']",https://www.flipkart.com/whirlpool-190-l-direct-cool-single-door-2-star-refrigerator/p/itmf6b4c3749b7e4?pid=RFRFZGFAGZUJTXWF&lid=LSTRFRFZGFAGZUJTXWFPDDAKA&marketplace=FLIPKART&q=fridge&store=j9e%2Fabm%2Fhzg&srno=s_16_361&otracker=search&otracker1=search&fm=organic&iid=en_ojGuAx2fobI1NMj6ZNQvoEAqvFD199xn7xBnv5sIwUFIxs5nSbKsZa341vnc5DdjUxBERcvvxLbebUgcQtk5mQ%3D%3D&ppt=None&ppn=None&ssid=v2xzedk4yo0000001667799424351&qH=2be977f3ff92dd10,2022-11-07 11:07:04.885442+05:30
7MO1Y8KV,Whirlpool 240 L Frost Free Triple Door Refrigerator,27990,33250,15% off,30897,3819,4.4,"['Normal Compressor', 'Built-in Stabilizer', '1 Year Warranty on Product and 10 Years Warranty on Compressor from Whirlpool']",https://www.flipkart.com/whirlpool-240-l-frost-free-triple-door-refrigerator/p/itmf7z5vhfcxysvp?pid=RFRF3HZZZYTNKSCU&lid=LSTRFRF3HZZZYTNKSCUCOA9SO&marketplace=FLIPKART&q=fridge&store=j9e%2Fabm%2Fhzg&srno=s_16_362&otracker=search&otracker1=search&fm=organic&iid=en_ojGuAx2fobI1NMj6ZNQvoEAqvFD199xn7xBnv5sIwUGeeS4uW7m7ZwmlN%2Fuhd00E7Rfr5RUYhX0WhJqwxOQvSg%3D%3D&ppt=None&ppn=None&ssid=v2xzedk4yo0000001667799424351&qH=2be977f3ff92dd10,2022-11-07 11:07:05.209555+05:30
CJ9JHQHY,LG 190 L Direct Cool Single Door 5 Star Refrigerator with Base Drawer,24399,24399,0,27,2,4.6,"['Smart Inverter Compressor', 'Built-in Stabilizer', '1 Year on Product and 10 Years on Compressor From LG']",https://www.flipkart.com/lg-190-l-direct-cool-single-door-5-star-refrigerator-base-drawer/p/itm91f0fa45ecdf3?pid=RFRGBHYVGVKM6BVF&lid=LSTRFRGBHYVGVKM6BVFW8BY1P&marketplace=FLIPKART&q=fridge&store=j9e%2Fabm%2Fhzg&srno=s_16_363&otracker=search&otracker1=search&fm=organic&iid=f01b3331-124f-414a-abce-2aeceec1d871.RFRGBHYVGVKM6BVF.SEARCH&ppt=None&ppn=None&ssid=v2xzedk4yo0000001667799424351&qH=2be977f3ff92dd10,2022-11-07 11:07:05.519554+05:30
BZG6N4OT,Whirlpool 265 L Frost Free Double Door 2 Star Refrigerator,25960,30750,15% off,0,0,0,"['Digital Inverter', 'Built-in Stabilizer', '1 Year on Product and 10 Years on Compressor From Whirlpool']",https://www.flipkart.com/whirlpool-265-l-frost-free-double-door-2-star-refrigerator/p/itm55c690fe139d8?pid=RFRFQHMSZM4GASEQ&lid=LSTRFRFQHMSZM4GASEQJHPHXJ&marketplace=FLIPKART&q=fridge&store=j9e%2Fabm%2Fhzg&srno=s_16_364&otracker=search&otracker1=search&fm=organic&iid=f01b3331-124f-414a-abce-2aeceec1d871.RFRFQHMSZM4GASEQ.SEARCH&ppt=None&ppn=None&ssid=v2xzedk4yo0000001667799424351&qH=2be977f3ff92dd10,2022-11-07 11:07:06.337884+05:30
MN4S860I,LG 694 L Direct Cool Side by Side Inverter Technology Star Refrigerator,109500,154990,29% off,0,0,0,"['Smart Inverter Compressor', 'Built-in Stabilizer', '1 Year Warranty on Product and 10 Years Warranty on Compressor (T&C)']",https://www.flipkart.com/lg-694-l-direct-cool-side-inverter-technology-star-refrigerator/p/itm1472ec9a7dc29?pid=RFRGHDJGMGZZYYB5&lid=LSTRFRGHDJGMGZZYYB55UDQMW&marketplace=FLIPKART&q=fridge&store=j9e%2Fabm%2Fhzg&srno=s_16_365&otracker=search&otracker1=search&fm=organic&iid=f01b3331-124f-414a-abce-2aeceec1d871.RFRGHDJGMGZZYYB5.SEARCH&ppt=None&ppn=None&ssid=v2xzedk4yo0000001667799424351&qH=2be977f3ff92dd10,2022-11-07 11:07:07.099569+05:30
QBO63PJO,Godrej 190 L Direct Cool Single Door 4 Star Refrigerator with Base Drawer  with Intelligent Inverter C...,16190,18500,12% off,1768,187,4.4,"['Intelligent Inverter Compressor', 'Built-in Stabilizer', '1 Year Warranty on Product and 10 Years Warranty on Compressor from Godrej']",https://www.flipkart.com/godrej-190-l-direct-cool-single-door-4-star-refrigerator-base-drawer-intelligent-inverter-compressor/p/itm98598e52260bf?pid=RFRFUQYY4B4GUHAA&lid=LSTRFRFUQYY4B4GUHAAQGKKTO&marketplace=FLIPKART&q=fridge&store=j9e%2Fabm%2Fhzg&srno=s_16_366&otracker=search&otracker1=search&fm=organic&iid=f01b3331-124f-414a-abce-2aeceec1d871.RFRFUQYY4B4GUHAA.SEARCH&ppt=None&ppn=None&ssid=v2xzedk4yo0000001667799424351&qH=2be977f3ff92dd10,2022-11-07 11:07:07.881552+05:30
VVVQIWS7,Whirlpool 190 L Direct Cool Single Door 3 Star Refrigerator with Base Drawer,16340,20450,20% off,820,91,4.3,"['Non Inverter Compressor', 'Built-in Stabilizer', '1 Year on Product and 10 Years on Compressor from Whirlpool']",https://www.flipkart.com/whirlpool-190-l-direct-cool-single-door-3-star-refrigerator-base-drawer/p/itm495a967730b3c?pid=RFRG4XR6ZDXBEMZR&lid=LSTRFRG4XR6ZDXBEMZRXQJ2DZ&marketplace=FLIPKART&q=fridge&store=j9e%2Fabm%2Fhzg&srno=s_16_367&otracker=search&otracker1=search&fm=organic&iid=en_ojGuAx2fobI1NMj6ZNQvoEAqvFD199xn7xBnv5sIwUGwOcMDsPcwInPXZY1sIfkTCik8178uFvOyLd%2F99yHoOg%3D%3D&ppt=None&ppn=None&ssid=v2xzedk4yo0000001667799424351&qH=2be977f3ff92dd10,2022-11-07 11:07:08.191346+05:30
940P1ODP,Whirlpool 190 L Direct Cool Single Door 2 Star Refrigerator,13540,15900,14% off,37835,3499,4.3,"['Normal Compressor', 'Built-in Stabilizer', '1 Year on Product and 10 Years on Compressor from Whirlpool']",https://www.flipkart.com/whirlpool-190-l-direct-cool-single-door-2-star-refrigerator/p/itm23de1846cafca?pid=RFRFZGFANZJHN6SB&lid=LSTRFRFZGFANZJHN6SBRJ24IH&marketplace=FLIPKART&q=fridge&store=j9e%2Fabm%2Fhzg&srno=s_16_368&otracker=search&otracker1=search&fm=organic&iid=en_ojGuAx2fobI1NMj6ZNQvoEAqvFD199xn7xBnv5sIwUHWIPc3r2MeA%2FgdMDIcFwVKfG1q4G8NhosLJpsjXdZLzg%3D%3D&ppt=None&ppn=None&ssid=v2xzedk4yo0000001667799424351&qH=2be977f3ff92dd10,2022-11-07 11:07:08.554241+05:30
BQ5R2VSW,Lloyd 587 L Frost Free Side by Side Inverter Technology Star Refrigerator,64969,84990,23% off,0,0,0,"['Inverter', 'Built-in Stabilizer', '1 Year on Product & 10 Years on Compressor']",https://www.flipkart.com/lloyd-587-l-frost-free-side-inverter-technology-star-refrigerator/p/itm33733b29ef62e?pid=RFRGHZFGSSZUPVHU&lid=LSTRFRGHZFGSSZUPVHUG85CFQ&marketplace=FLIPKART&q=fridge&store=j9e%2Fabm%2Fhzg&srno=s_16_369&otracker=search&otracker1=search&fm=organic&iid=f01b3331-124f-414a-abce-2aeceec1d871.RFRGHZFGSSZUPVHU.SEARCH&ppt=None&ppn=None&ssid=v2xzedk4yo0000001667799424351&qH=2be977f3ff92dd10,2022-11-07 11:07:09.332050+05:30
QKTYYX6T,Haier 256 L Frost Free Double Door Bottom Mount 3 Star Convertible Refrigerator,29999,46499,35% off,27,3,3.9,"['Inverter Compressor', 'Built-in Stabilizer', '1 Year Warranty on Product and 10 Years Warranty on Compressor from Haier']",https://www.flipkart.com/haier-256-l-frost-free-double-door-bottom-mount-3-star-convertible-refrigerator/p/itm57b575b4ef9e0?pid=RFRFPCJ7JYMR7YQV&lid=LSTRFRFPCJ7JYMR7YQVZCTFUV&marketplace=FLIPKART&q=fridge&store=j9e%2Fabm%2Fhzg&srno=s_16_370&otracker=search&otracker1=search&fm=organic&iid=f01b3331-124f-414a-abce-2aeceec1d871.RFRFPCJ7JYMR7YQV.SEARCH&ppt=None&ppn=None&ssid=v2xzedk4yo0000001667799424351&qH=2be977f3ff92dd10,2022-11-07 11:07:10.170609+05:30
M3QXFWI5,Whirlpool 300 L Frost Free Triple Door Refrigerator,34390,43950,21% off,30897,3819,4.4,"['Normal Compressor', 'Built-in Stabilizer', '1 Year Warranty on Product and 10 Years on Compressor From Whirlpool']",https://www.flipkart.com/whirlpool-300-l-frost-free-triple-door-refrigerator/p/itmexbvqq3h9zyz2?pid=RFRDZEQ7FYQ5QTSN&lid=LSTRFRDZEQ7FYQ5QTSNHFAVDN&marketplace=FLIPKART&q=fridge&store=j9e%2Fabm%2Fhzg&srno=s_16_371&otracker=search&otracker1=search&fm=organic&iid=en_ojGuAx2fobI1NMj6ZNQvoEAqvFD199xn7xBnv5sIwUHnI88oooReMhK06Cer%2BYq4Do5XXw04e34i8rC9wk%2FwUA%3D%3D&ppt=None&ppn=None&ssid=v2xzedk4yo0000001667799424351&qH=2be977f3ff92dd10,2022-11-07 11:07:10.455531+05:30
2JPWVS10,Whirlpool 190 L Direct Cool Single Door 3 Star Refrigerator with Base Drawer,16340,19500,16% off,444,34,4.3,"['Non Inverter Compressor', 'Built-in Stabilizer', '1 Year on Product and 10 Years on Compressor from Whirlpool']",https://www.flipkart.com/whirlpool-190-l-direct-cool-single-door-3-star-refrigerator-base-drawer/p/itmd625ad7498750?pid=RFRG4XR6FXK3XANH&lid=LSTRFRG4XR6FXK3XANH2QMZGI&marketplace=FLIPKART&q=fridge&store=j9e%2Fabm%2Fhzg&srno=s_16_372&otracker=search&otracker1=search&fm=organic&iid=en_ojGuAx2fobI1NMj6ZNQvoEAqvFD199xn7xBnv5sIwUGwVdS6K5JwZPF8Vq8c7HXKMGzOfXGzGk9IKwrcXp9P4A%3D%3D&ppt=None&ppn=None&ssid=v2xzedk4yo0000001667799424351&qH=2be977f3ff92dd10,2022-11-07 11:07:10.754369+05:30
87XXF9V0,SAMSUNG 192 L Direct Cool Single Door 2 Star Refrigerator,15300,16990,9% off,27,5,4.2,"['Linear Compressor', 'Built-in Stabilizer', '1 Year on Product and 10 Years on Compressor From Samsung']",https://www.flipkart.com/samsung-192-l-direct-cool-single-door-2-star-refrigerator/p/itm001af355a4083?pid=RFRFZKEUFZRGGTR8&lid=LSTRFRFZKEUFZRGGTR8QUXW99&marketplace=FLIPKART&q=fridge&store=j9e%2Fabm%2Fhzg&srno=s_16_373&otracker=search&otracker1=search&fm=organic&iid=f01b3331-124f-414a-abce-2aeceec1d871.RFRFZKEUFZRGGTR8.SEARCH&ppt=None&ppn=None&ssid=v2xzedk4yo0000001667799424351&qH=2be977f3ff92dd10,2022-11-07 11:07:11.547182+05:30
Q3YLRHI4,SAMSUNG 198 L Direct Cool Single Door 4 Star Refrigerator,18990,22042,13% off,96,14,4.3,"['Digital Inverter Compressor', 'Built-in Stabilizer', '1 Year Warranty on Product and 10 Years on Compressor from Samsung']",https://www.flipkart.com/samsung-198-l-direct-cool-single-door-4-star-refrigerator/p/itmce1dd93e92944?pid=RFRG49A75TNRR2FG&lid=LSTRFRG49A75TNRR2FGSBPBH3&marketplace=FLIPKART&q=fridge&store=j9e%2Fabm%2Fhzg&srno=s_16_374&otracker=search&otracker1=search&fm=organic&iid=f01b3331-124f-414a-abce-2aeceec1d871.RFRG49A75TNRR2FG.SEARCH&ppt=None&ppn=None&ssid=v2xzedk4yo0000001667799424351&qH=2be977f3ff92dd10,2022-11-07 11:07:12.335826+05:30
CD9SFN5C,LG 260 L Frost Free Double Door Top Mount 3 Star Convertible Refrigerator,30959,38590,19% off,27,2,4.3,"['Smart Inverter Compressor', 'Built-in Stabilizer', '1 Year on Product and 10 Years on Compressor From LG']",https://www.flipkart.com/lg-260-l-frost-free-double-door-top-mount-3-star-convertible-refrigerator/p/itm7c4d060016c82?pid=RFRG73NFTYXUPZJG&lid=LSTRFRG73NFTYXUPZJGSCDDXX&marketplace=FLIPKART&q=fridge&store=j9e%2Fabm%2Fhzg&srno=s_16_375&otracker=search&otracker1=search&fm=organic&iid=f01b3331-124f-414a-abce-2aeceec1d871.RFRG73NFTYXUPZJG.SEARCH&ppt=None&ppn=None&ssid=v2xzedk4yo0000001667799424351&qH=2be977f3ff92dd10,2022-11-07 11:07:13.119310+05:30
8SITDOAV,Whirlpool 200 L Direct Cool Single Door 3 Star Refrigerator,15749,21000,25% off,7,0,4.3,"['Normal Compressor', 'Built-in Stabilizer', '1 Year on Product and 10 Years on Compressor from Whirlpool']",https://www.flipkart.com/whirlpool-200-l-direct-cool-single-door-3-star-refrigerator/p/itm865f62e24b033?pid=RFRG5D6JNZYSRXGU&lid=LSTRFRG5D6JNZYSRXGUOTPHZI&marketplace=FLIPKART&q=fridge&store=j9e%2Fabm%2Fhzg&srno=s_16_376&otracker=search&otracker1=search&fm=organic&iid=f01b3331-124f-414a-abce-2aeceec1d871.RFRG5D6JNZYSRXGU.SEARCH&ppt=None&ppn=None&ssid=v2xzedk4yo0000001667799424351&qH=2be977f3ff92dd10,2022-11-07 11:07:13.895575+05:30
1FGK3WX3,Whirlpool 190 L Direct Cool Single Door 2 Star Refrigerator,13540,16500,17% off,37835,3499,4.3,"['Normal Compressor', 'Built-in Stabilizer', '1 Year on Product and 10 Years on Compressor from Whirlpool']",https://www.flipkart.com/whirlpool-190-l-direct-cool-single-door-2-star-refrigerator/p/itm823c53fcf0200?pid=RFRFZGFADYS3UTBG&lid=LSTRFRFZGFADYS3UTBGFVSNUE&marketplace=FLIPKART&q=fridge&store=j9e%2Fabm%2Fhzg&srno=s_16_377&otracker=search&otracker1=search&fm=organic&iid=en_ojGuAx2fobI1NMj6ZNQvoEAqvFD199xn7xBnv5sIwUGZ9Kw9fF5%2Fuj6%2BPNWndlZm6VmDAgCf6DMckC1h3ZnRZg%3D%3D&ppt=None&ppn=None&ssid=v2xzedk4yo0000001667799424351&qH=2be977f3ff92dd10,2022-11-07 11:07:14.195038+05:30
ACXAQ8CR,Whirlpool 190 L Direct Cool Single Door 3 Star Refrigerator,15340,18000,14% off,622,47,4.3,"['Non Inverter Compressor', 'Built-in Stabilizer', '1 Year on Product and 10 Years on Compressor from Whirlpool']",https://www.flipkart.com/whirlpool-190-l-direct-cool-single-door-3-star-refrigerator/p/itmc4870feb17803?pid=RFRG4XR689KTY9QT&lid=LSTRFRG4XR689KTY9QTJUWMVD&marketplace=FLIPKART&q=fridge&store=j9e%2Fabm%2Fhzg&srno=s_16_378&otracker=search&otracker1=search&fm=organic&iid=en_ojGuAx2fobI1NMj6ZNQvoEAqvFD199xn7xBnv5sIwUGwnnJiJXajKQ5ADa1u3yuCSnPWXWX2eFur1r0QMwaKtQ%3D%3D&ppt=None&ppn=None&ssid=v2xzedk4yo0000001667799424351&qH=2be977f3ff92dd10,2022-11-07 11:07:14.489782+05:30
3855EQ7N,Haier 346 L Frost Free Double Door 3 Star Convertible Refrigerator,44990,71300,36% off,5,0,4.6,"['Inverter Compressor', 'Built-in Stabilizer', '1 Year Warranty on Product and 10 Years Warranty on Compressor']",https://www.flipkart.com/haier-346-l-frost-free-double-door-3-star-convertible-refrigerator/p/itm44dbcb2155edf?pid=RFRGGUQU5PMZ6QWG&lid=LSTRFRGGUQU5PMZ6QWGZK75KA&marketplace=FLIPKART&q=fridge&store=j9e%2Fabm%2Fhzg&srno=s_16_379&otracker=search&otracker1=search&fm=organic&iid=f01b3331-124f-414a-abce-2aeceec1d871.RFRGGUQU5PMZ6QWG.SEARCH&ppt=None&ppn=None&ssid=v2xzedk4yo0000001667799424351&qH=2be977f3ff92dd10,2022-11-07 11:07:15.502715+05:30
U5KAQQ0M,Lifelong 500 L Frost Free Multi-Door Refrigerator,55990,73990,24% off,0,0,0,"['Inverter Compressor', '1 Year Warranty on Product and 10 Years on Compressor']",https://www.flipkart.com/lifelong-500-l-frost-free-multi-door-refrigerator/p/itmba323c09c7b8c?pid=RFRGYTU3CXGXGT8A&lid=LSTRFRGYTU3CXGXGT8AVASFCU&marketplace=FLIPKART&q=fridge&store=j9e%2Fabm%2Fhzg&srno=s_16_380&otracker=search&otracker1=search&fm=organic&iid=f01b3331-124f-414a-abce-2aeceec1d871.RFRGYTU3CXGXGT8A.SEARCH&ppt=None&ppn=None&ssid=v2xzedk4yo0000001667799424351&qH=2be977f3ff92dd10,2022-11-07 11:07:16.277861+05:30
JGHDUYRZ,Whirlpool 190 L Direct Cool Single Door 3 Star Refrigerator,15340,17600,12% off,1327,122,4.2,"['Non Inverter Compressor', 'Built-in Stabilizer', '1 Year on Product and 10 Years on Compressor from Whirlpool']",https://www.flipkart.com/whirlpool-190-l-direct-cool-single-door-3-star-refrigerator/p/itm600cc6ce9ae49?pid=RFRG4XR6QNSM6X5H&lid=LSTRFRG4XR6QNSM6X5HUWM1ZO&marketplace=FLIPKART&q=fridge&store=j9e%2Fabm%2Fhzg&srno=s_16_381&otracker=search&otracker1=search&fm=organic&iid=en_ojGuAx2fobI1NMj6ZNQvoEAqvFD199xn7xBnv5sIwUGivIwwAvoqb2oEsKI4yrrX3RgyFZzsE5Uq1sCzOjbMWg%3D%3D&ppt=None&ppn=None&ssid=v2xzedk4yo0000001667799424351&qH=2be977f3ff92dd10,2022-11-07 11:07:16.609775+05:30
CF2R5GUC,Whirlpool 190 L Direct Cool Single Door 3 Star Refrigerator,14640,17000,13% off,37835,3499,4.3,"['Normal Compressor', 'Built-in Stabilizer', '1 Year on Product and 10 Years on Compressor from Whirlpool']",https://www.flipkart.com/whirlpool-190-l-direct-cool-single-door-3-star-refrigerator/p/itmafa0a476dffe1?pid=RFRFZGFAHQ7VQXZF&lid=LSTRFRFZGFAHQ7VQXZFLUB4OV&marketplace=FLIPKART&q=fridge&store=j9e%2Fabm%2Fhzg&srno=s_16_382&otracker=search&otracker1=search&fm=organic&iid=en_ojGuAx2fobI1NMj6ZNQvoEAqvFD199xn7xBnv5sIwUF39Ogbrrvxgp398RzzOrxpZZHikuLs61%2BJy0ccFBS1Fg%3D%3D&ppt=None&ppn=None&ssid=v2xzedk4yo0000001667799424351&qH=2be977f3ff92dd10,2022-11-07 11:07:16.924804+05:30
PK2FAXNU,Whirlpool 200 L Direct Cool Single Door 3 Star Refrigerator,16990,18050,5% off,0,0,0,"['Inverter Compressor', 'Built-in Stabilizer', '1 Year on Product and 10 Years on Compressor From Whirlpool']",https://www.flipkart.com/whirlpool-200-l-direct-cool-single-door-3-star-refrigerator/p/itm407d7c0c190c4?pid=RFRGFPFN5XEBGNG6&lid=LSTRFRGFPFN5XEBGNG6ZUF1RV&marketplace=FLIPKART&q=fridge&store=j9e%2Fabm%2Fhzg&srno=s_16_383&otracker=search&otracker1=search&fm=organic&iid=f01b3331-124f-414a-abce-2aeceec1d871.RFRGFPFN5XEBGNG6.SEARCH&ppt=None&ppn=None&ssid=v2xzedk4yo0000001667799424351&qH=2be977f3ff92dd10,2022-11-07 11:07:17.823484+05:30
HI0KP3J8,Whirlpool 200 L Direct Cool Single Door 4 Star Refrigerator with Base Drawer,18490,23150,20% off,9500,1076,4.4,"['IntelliSense Inverter Compressor', 'Built-in Stabilizer', '1 Year on Product and 10 Years on the Compressor from Whirlpool']",https://www.flipkart.com/whirlpool-200-l-direct-cool-single-door-4-star-refrigerator-base-drawer/p/itm9c385772b96cc?pid=RFRFV92N7HZQ8S4V&lid=LSTRFRFV92N7HZQ8S4VKGKRFH&marketplace=FLIPKART&q=fridge&store=j9e%2Fabm%2Fhzg&srno=s_16_384&otracker=search&otracker1=search&fm=organic&iid=f01b3331-124f-414a-abce-2aeceec1d871.RFRFV92N7HZQ8S4V.SEARCH&ppt=None&ppn=None&ssid=v2xzedk4yo0000001667799424351&qH=2be977f3ff92dd10,2022-11-07 11:07:18.134358+05:30
N3KBGVC5,LG 215 L Direct Cool Single Door 3 Star Refrigerator with Base Drawer,19890,26099,23% off,0,0,0,"['Smart Inverter Compressor', 'Built-in Stabilizer', '1 Year Warranty on Product and 10 Years on Compressor From LG']",https://www.flipkart.com/lg-215-l-direct-cool-single-door-3-star-refrigerator-base-drawer/p/itmb825c51ac3aee?pid=RFRGGBY5JCBC3HAM&lid=LSTRFRGGBY5JCBC3HAM9U1YFV&marketplace=FLIPKART&q=fridge&store=j9e%2Fabm%2Fhzg&srno=s_17_385&otracker=search&otracker1=search&fm=organic&iid=0ce9d800-be0a-4503-86b7-845041b33baf.RFRGGBY5JCBC3HAM.SEARCH&ppt=None&ppn=None&ssid=i6gtnj5gjk0000001667799439405&qH=2be977f3ff92dd10,2022-11-07 11:07:19.324933+05:30
KZNFGJMR,Whirlpool 215 L Direct Cool Single Door 4 Star Refrigerator with Base Drawer,21490,26550,19% off,9500,1076,4.4,"['DC Inverter Compressor', 'Built-in Stabilizer', '1 Year Warranty on Product and 10 Years on Compressor']",https://www.flipkart.com/whirlpool-215-l-direct-cool-single-door-4-star-refrigerator-base-drawer/p/itmf42723c6afbe8?pid=RFRFRFWC7DKX45HG&lid=LSTRFRFRFWC7DKX45HG329UOP&marketplace=FLIPKART&q=fridge&store=j9e%2Fabm%2Fhzg&srno=s_17_386&otracker=search&otracker1=search&fm=organic&iid=0ce9d800-be0a-4503-86b7-845041b33baf.RFRFRFWC7DKX45HG.SEARCH&ppt=None&ppn=None&ssid=i6gtnj5gjk0000001667799439405&qH=2be977f3ff92dd10,2022-11-07 11:07:20.212951+05:30
LP8P05JU,Whirlpool 190 L Direct Cool Single Door 2 Star Refrigerator,12990,15600,16% off,37835,3499,4.3,"['Normal Compressor', 'Built-in Stabilizer', '1 Year on Product and 10 Years on Compressor from Whirlpool']",https://www.flipkart.com/whirlpool-190-l-direct-cool-single-door-2-star-refrigerator/p/itmf6b4c3749b7e4?pid=RFRFZGFAGZUJTXWF&lid=LSTRFRFZGFAGZUJTXWFPDDAKA&marketplace=FLIPKART&q=fridge&store=j9e%2Fabm%2Fhzg&srno=s_17_387&otracker=search&otracker1=search&fm=organic&iid=en_VOtioDrJZOnLlUiXfk1y%2BZyou2VKJl6EqsRg0NSXGT2o3kPPX7xf2CpBZtUjG9COUxBERcvvxLbebUgcQtk5mQ%3D%3D&ppt=None&ppn=None&ssid=i6gtnj5gjk0000001667799439405&qH=2be977f3ff92dd10,2022-11-07 11:07:20.527678+05:30
JHKF99LQ,Whirlpool 240 L Frost Free Triple Door Refrigerator,27990,33250,15% off,30897,3819,4.4,"['Normal Compressor', 'Built-in Stabilizer', '1 Year Warranty on Product and 10 Years Warranty on Compressor from Whirlpool']",https://www.flipkart.com/whirlpool-240-l-frost-free-triple-door-refrigerator/p/itmf7z5vhfcxysvp?pid=RFRF3HZZZYTNKSCU&lid=LSTRFRF3HZZZYTNKSCUCOA9SO&marketplace=FLIPKART&q=fridge&store=j9e%2Fabm%2Fhzg&srno=s_17_388&otracker=search&otracker1=search&fm=organic&iid=en_VOtioDrJZOnLlUiXfk1y%2BZyou2VKJl6EqsRg0NSXGT3nCYdFvUH8UcPwThurUnG87Rfr5RUYhX0WhJqwxOQvSg%3D%3D&ppt=None&ppn=None&ssid=i6gtnj5gjk0000001667799439405&qH=2be977f3ff92dd10,2022-11-07 11:07:20.914648+05:30
80Z8OPUT,Panasonic 280 L Frost Free Double Door 2 Star Refrigerator,29990,32400,7% off,0,0,0,"['Digital Inverter Compressor', 'Built-in Stabilizer', '1 Year on Product and 10 Years on Compressor']",https://www.flipkart.com/panasonic-280-l-frost-free-double-door-2-star-refrigerator/p/itmf427c6455a4ba?pid=RFRG9X2TEKHKHHJ8&lid=LSTRFRG9X2TEKHKHHJ8DAVLGR&marketplace=FLIPKART&q=fridge&store=j9e%2Fabm%2Fhzg&srno=s_17_389&otracker=search&otracker1=search&fm=organic&iid=0ce9d800-be0a-4503-86b7-845041b33baf.RFRG9X2TEKHKHHJ8.SEARCH&ppt=None&ppn=None&ssid=i6gtnj5gjk0000001667799439405&qH=2be977f3ff92dd10,2022-11-07 11:07:21.726931+05:30
NON8SK52,Godrej 192 L Direct Cool Single Door 2 Star Refrigerator,13290,19000,30% off,473,43,4.3,"['Intelligent Inverter Compressor', '1 Year on Product and 10 Years on Compressor From Godrej']",https://www.flipkart.com/godrej-192-l-direct-cool-single-door-2-star-refrigerator/p/itm77d9e4e74dd76?pid=RFRG2KE4HCJWCHHJ&lid=LSTRFRG2KE4HCJWCHHJ5ZN6QF&marketplace=FLIPKART&q=fridge&store=j9e%2Fabm%2Fhzg&srno=s_17_390&otracker=search&otracker1=search&fm=organic&iid=0ce9d800-be0a-4503-86b7-845041b33baf.RFRG2KE4HCJWCHHJ.SEARCH&ppt=None&ppn=None&ssid=i6gtnj5gjk0000001667799439405&qH=2be977f3ff92dd10,2022-11-07 11:07:22.093580+05:30
1R7CS75A,Whirlpool 190 L Direct Cool Single Door 3 Star Refrigerator with Base Drawer,16340,20450,20% off,820,91,4.3,"['Non Inverter Compressor', 'Built-in Stabilizer', '1 Year on Product and 10 Years on Compressor from Whirlpool']",https://www.flipkart.com/whirlpool-190-l-direct-cool-single-door-3-star-refrigerator-base-drawer/p/itm495a967730b3c?pid=RFRG4XR6ZDXBEMZR&lid=LSTRFRG4XR6ZDXBEMZRXQJ2DZ&marketplace=FLIPKART&q=fridge&store=j9e%2Fabm%2Fhzg&srno=s_17_391&otracker=search&otracker1=search&fm=organic&iid=en_VOtioDrJZOnLlUiXfk1y%2BZyou2VKJl6EqsRg0NSXGT0kgjmVGjFBuH8wtPV860lbCik8178uFvOyLd%2F99yHoOg%3D%3D&ppt=None&ppn=None&ssid=i6gtnj5gjk0000001667799439405&qH=2be977f3ff92dd10,2022-11-07 11:07:22.434176+05:30
QC6VBC6P,Whirlpool 190 L Direct Cool Single Door 2 Star Refrigerator,13540,15900,14% off,37835,3499,4.3,"['Normal Compressor', 'Built-in Stabilizer', '1 Year on Product and 10 Years on Compressor from Whirlpool']",https://www.flipkart.com/whirlpool-190-l-direct-cool-single-door-2-star-refrigerator/p/itm23de1846cafca?pid=RFRFZGFANZJHN6SB&lid=LSTRFRFZGFANZJHN6SBRJ24IH&marketplace=FLIPKART&q=fridge&store=j9e%2Fabm%2Fhzg&srno=s_17_392&otracker=search&otracker1=search&fm=organic&iid=en_VOtioDrJZOnLlUiXfk1y%2BZyou2VKJl6EqsRg0NSXGT2%2BrPUy7E4hPze9KoiT81TlfG1q4G8NhosLJpsjXdZLzg%3D%3D&ppt=None&ppn=None&ssid=i6gtnj5gjk0000001667799439405&qH=2be977f3ff92dd10,2022-11-07 11:07:22.752142+05:30
K8RVZ3KS,SAMSUNG 253 L Frost Free Double Door 3 Star Refrigerator,29000,38990,25% off,10,2,4.2,"['Digital Inverter Compressor', 'Built-in Stabilizer', '1 Year Warranty on Product and 10 Years on Compressor from Samsung']",https://www.flipkart.com/samsung-253-l-frost-free-double-door-3-star-refrigerator/p/itmdcd62175649c1?pid=RFRG49A79MGGS7TE&lid=LSTRFRG49A79MGGS7TE1WKUII&marketplace=FLIPKART&q=fridge&store=j9e%2Fabm%2Fhzg&srno=s_17_393&otracker=search&otracker1=search&fm=organic&iid=0ce9d800-be0a-4503-86b7-845041b33baf.RFRG49A79MGGS7TE.SEARCH&ppt=None&ppn=None&ssid=i6gtnj5gjk0000001667799439405&qH=2be977f3ff92dd10,2022-11-07 11:07:23.252556+05:30
HM98AHVY,SAMSUNG 253 L Frost Free Double Door 2 Star Refrigerator,25690,27990,8% off,13,3,4.7,"['Digital Inverter Compressor', 'Built-in Stabilizer', '1 Year Warranty on Product and 10 Years on Compressor']",https://www.flipkart.com/samsung-253-l-frost-free-double-door-2-star-refrigerator/p/itm032040c16c396?pid=RFRFZGJCDNSMEFT8&lid=LSTRFRFZGJCDNSMEFT85ENWRN&marketplace=FLIPKART&q=fridge&store=j9e%2Fabm%2Fhzg&srno=s_17_394&otracker=search&otracker1=search&fm=organic&iid=0ce9d800-be0a-4503-86b7-845041b33baf.RFRFZGJCDNSMEFT8.SEARCH&ppt=None&ppn=None&ssid=i6gtnj5gjk0000001667799439405&qH=2be977f3ff92dd10,2022-11-07 11:07:23.567292+05:30
SF7XA9N7,SAMSUNG 198 L Direct Cool Single Door 5 Star Refrigerator with Base Drawer,19499,22990,15% off,634,73,4.4,"['Digital Inverter Compressor', 'Built-in Stabilizer', '1 Year on Product and 10 Years on Compressor From Samsung']",https://www.flipkart.com/samsung-198-l-direct-cool-single-door-5-star-refrigerator-base-drawer/p/itm16d156d7f1061?pid=RFRFZG7M5UCJUT5Y&lid=LSTRFRFZG7M5UCJUT5Y481PFP&marketplace=FLIPKART&q=fridge&store=j9e%2Fabm%2Fhzg&srno=s_17_395&otracker=search&otracker1=search&fm=organic&iid=0ce9d800-be0a-4503-86b7-845041b33baf.RFRFZG7M5UCJUT5Y.SEARCH&ppt=None&ppn=None&ssid=i6gtnj5gjk0000001667799439405&qH=2be977f3ff92dd10,2022-11-07 11:07:23.876533+05:30
17FTE85G,BOSCH 332 L Frost Free Triple Door Refrigerator,41283,59390,30% off,0,0,0,"['VarioInverter', '1 Year Warranty on Product']",https://www.flipkart.com/bosch-332-l-frost-free-triple-door-refrigerator/p/itm35625f86f1707?pid=RFRGGJKVSHG25GSZ&lid=LSTRFRGGJKVSHG25GSZTW0GUP&marketplace=FLIPKART&q=fridge&store=j9e%2Fabm%2Fhzg&srno=s_17_396&otracker=search&otracker1=search&fm=organic&iid=0ce9d800-be0a-4503-86b7-845041b33baf.RFRGGJKVSHG25GSZ.SEARCH&ppt=None&ppn=None&ssid=i6gtnj5gjk0000001667799439405&qH=2be977f3ff92dd10,2022-11-07 11:07:24.793323+05:30
OQZNRXAR,Whirlpool 300 L Frost Free Triple Door Refrigerator,34390,43950,21% off,30897,3819,4.4,"['Normal Compressor', 'Built-in Stabilizer', '1 Year Warranty on Product and 10 Years on Compressor From Whirlpool']",https://www.flipkart.com/whirlpool-300-l-frost-free-triple-door-refrigerator/p/itmexbvqq3h9zyz2?pid=RFRDZEQ7FYQ5QTSN&lid=LSTRFRDZEQ7FYQ5QTSNHFAVDN&marketplace=FLIPKART&q=fridge&store=j9e%2Fabm%2Fhzg&srno=s_17_397&otracker=search&otracker1=search&fm=organic&iid=en_VOtioDrJZOnLlUiXfk1y%2BZyou2VKJl6EqsRg0NSXGT3Nw0nl9hiwsVKoaaMFJlqhDo5XXw04e34i8rC9wk%2FwUA%3D%3D&ppt=None&ppn=None&ssid=i6gtnj5gjk0000001667799439405&qH=2be977f3ff92dd10,2022-11-07 11:07:25.116717+05:30
X5VEZXUH,Whirlpool 190 L Direct Cool Single Door 3 Star Refrigerator with Base Drawer,16340,19500,16% off,444,34,4.3,"['Non Inverter Compressor', 'Built-in Stabilizer', '1 Year on Product and 10 Years on Compressor from Whirlpool']",https://www.flipkart.com/whirlpool-190-l-direct-cool-single-door-3-star-refrigerator-base-drawer/p/itmd625ad7498750?pid=RFRG4XR6FXK3XANH&lid=LSTRFRG4XR6FXK3XANH2QMZGI&marketplace=FLIPKART&q=fridge&store=j9e%2Fabm%2Fhzg&srno=s_17_398&otracker=search&otracker1=search&fm=organic&iid=en_VOtioDrJZOnLlUiXfk1y%2BZyou2VKJl6EqsRg0NSXGT1arceq7t2HzQW752Fcal8EMGzOfXGzGk9IKwrcXp9P4A%3D%3D&ppt=None&ppn=None&ssid=i6gtnj5gjk0000001667799439405&qH=2be977f3ff92dd10,2022-11-07 11:07:25.416550+05:30
COWH83FM,BOSCH 415 L Frost Free Double Door 3 Star Refrigerator,55000,70490,21% off,15,1,4,"['Rotary', '1 Year on Product and 10 Years on Compressor from Bosch']",https://www.flipkart.com/bosch-415-l-frost-free-double-door-3-star-refrigerator/p/itmfgcbmvnyc49hh?pid=RFRFGCBHA4VSSKEP&lid=LSTRFRFGCBHA4VSSKEPKOUQVI&marketplace=FLIPKART&q=fridge&store=j9e%2Fabm%2Fhzg&srno=s_17_399&otracker=search&otracker1=search&fm=organic&iid=0ce9d800-be0a-4503-86b7-845041b33baf.RFRFGCBHA4VSSKEP.SEARCH&ppt=None&ppn=None&ssid=i6gtnj5gjk0000001667799439405&qH=2be977f3ff92dd10,2022-11-07 11:07:26.209362+05:30
CT662EJH,Godrej 350 L Frost Free Double Door 3 Star Refrigerator,33990,49700,31% off,10,0,3.9,"['Inverter Compressor', 'Built-in Stabilizer', '1 Year Comprehensive Warranty on Prodcut and 10 Years Warranty on Compressor']",https://www.flipkart.com/godrej-350-l-frost-free-double-door-3-star-refrigerator/p/itmb1c3f79c0be5f?pid=RFRGG8DFPMHASRTB&lid=LSTRFRGG8DFPMHASRTBQQDEWA&marketplace=FLIPKART&q=fridge&store=j9e%2Fabm%2Fhzg&srno=s_17_400&otracker=search&otracker1=search&fm=organic&iid=0ce9d800-be0a-4503-86b7-845041b33baf.RFRGG8DFPMHASRTB.SEARCH&ppt=None&ppn=None&ssid=i6gtnj5gjk0000001667799439405&qH=2be977f3ff92dd10,2022-11-07 11:07:26.595355+05:30
GNUQNNKA,Whirlpool 190 L Direct Cool Single Door 2 Star Refrigerator,13540,16500,17% off,37835,3499,4.3,"['Normal Compressor', 'Built-in Stabilizer', '1 Year on Product and 10 Years on Compressor from Whirlpool']",https://www.flipkart.com/whirlpool-190-l-direct-cool-single-door-2-star-refrigerator/p/itm823c53fcf0200?pid=RFRFZGFADYS3UTBG&lid=LSTRFRFZGFADYS3UTBGFVSNUE&marketplace=FLIPKART&q=fridge&store=j9e%2Fabm%2Fhzg&srno=s_17_401&otracker=search&otracker1=search&fm=organic&iid=en_VOtioDrJZOnLlUiXfk1y%2BZyou2VKJl6EqsRg0NSXGT0FIDoki9h2ngB37hrfiXwg6VmDAgCf6DMckC1h3ZnRZg%3D%3D&ppt=None&ppn=None&ssid=i6gtnj5gjk0000001667799439405&qH=2be977f3ff92dd10,2022-11-07 11:07:26.885914+05:30
UYSQ54KU,Whirlpool 190 L Direct Cool Single Door 3 Star Refrigerator,15340,18000,14% off,622,47,4.3,"['Non Inverter Compressor', 'Built-in Stabilizer', '1 Year on Product and 10 Years on Compressor from Whirlpool']",https://www.flipkart.com/whirlpool-190-l-direct-cool-single-door-3-star-refrigerator/p/itmc4870feb17803?pid=RFRG4XR689KTY9QT&lid=LSTRFRG4XR689KTY9QTJUWMVD&marketplace=FLIPKART&q=fridge&store=j9e%2Fabm%2Fhzg&srno=s_17_402&otracker=search&otracker1=search&fm=organic&iid=en_VOtioDrJZOnLlUiXfk1y%2BZyou2VKJl6EqsRg0NSXGT2p3WefGv6scBywzcbWcJsySnPWXWX2eFur1r0QMwaKtQ%3D%3D&ppt=None&ppn=None&ssid=i6gtnj5gjk0000001667799439405&qH=2be977f3ff92dd10,2022-11-07 11:07:27.187550+05:30
FKYPAIJN,LG 190 L Direct Cool Single Door 3 Star Refrigerator  with with Fast Ice Making Moist 'N' Fresh,21199,21199,0,0,0,0,"['Conventional Compressor', 'Built-in Stabilizer', '1 Year on Product and 10 Years on Compressor From LG']",https://www.flipkart.com/lg-190-l-direct-cool-single-door-3-star-refrigerator-fast-ice-making-moist-n-fresh/p/itm8794f1000d6c5?pid=RFRGGBF5ANWRZC3Q&lid=LSTRFRGGBF5ANWRZC3Q25RNIX&marketplace=FLIPKART&q=fridge&store=j9e%2Fabm%2Fhzg&srno=s_17_403&otracker=search&otracker1=search&fm=organic&iid=0ce9d800-be0a-4503-86b7-845041b33baf.RFRGGBF5ANWRZC3Q.SEARCH&ppt=None&ppn=None&ssid=i6gtnj5gjk0000001667799439405&qH=2be977f3ff92dd10,2022-11-07 11:07:28.104547+05:30
JLX5RD2C,SAMSUNG 198 L Direct Cool Single Door 4 Star Refrigerator,17090,18990,10% off,1134,121,4.4,"['Digital Inverter Compressor', 'Built-in Stabilizer', '1 Year on Product and 10 Years on Compressor From Samsung']",https://www.flipkart.com/samsung-198-l-direct-cool-single-door-4-star-refrigerator/p/itm6410188134074?pid=RFRFZKEUAAG2QWQ3&lid=LSTRFRFZKEUAAG2QWQ3FSAUYN&marketplace=FLIPKART&q=fridge&store=j9e%2Fabm%2Fhzg&srno=s_17_404&otracker=search&otracker1=search&fm=organic&iid=0ce9d800-be0a-4503-86b7-845041b33baf.RFRFZKEUAAG2QWQ3.SEARCH&ppt=None&ppn=None&ssid=i6gtnj5gjk0000001667799439405&qH=2be977f3ff92dd10,2022-11-07 11:07:28.931428+05:30
ASYWBVOW,Godrej 192 L Direct Cool Single Door 3 Star Refrigerator,13790,16000,13% off,473,43,4.3,"['Intelligent Inverter Compressor', '1 Year on Product and 10 Years on Compressor from Godrej']",https://www.flipkart.com/godrej-192-l-direct-cool-single-door-3-star-refrigerator/p/itma0b2ef168ed12?pid=RFRG2KE4SZDFDQWK&lid=LSTRFRG2KE4SZDFDQWKXXBKEP&marketplace=FLIPKART&q=fridge&store=j9e%2Fabm%2Fhzg&srno=s_17_405&otracker=search&otracker1=search&fm=organic&iid=0ce9d800-be0a-4503-86b7-845041b33baf.RFRG2KE4SZDFDQWK.SEARCH&ppt=None&ppn=None&ssid=i6gtnj5gjk0000001667799439405&qH=2be977f3ff92dd10,2022-11-07 11:07:29.867525+05:30
LTQ7VBEG,Godrej 99 L Direct Cool Single Door 1 Star Refrigerator,11590,14310,19% off,3,0,4,"['ROTRY', '1 YEAR WARRANTY']",https://www.flipkart.com/godrej-99-l-direct-cool-single-door-1-star-refrigerator/p/itm1b39646c1f773?pid=RFRG8AZHYBBE8QAZ&lid=LSTRFRG8AZHYBBE8QAZLHDAOK&marketplace=FLIPKART&q=fridge&store=j9e%2Fabm%2Fhzg&srno=s_17_406&otracker=search&otracker1=search&fm=organic&iid=0ce9d800-be0a-4503-86b7-845041b33baf.RFRG8AZHYBBE8QAZ.SEARCH&ppt=None&ppn=None&ssid=i6gtnj5gjk0000001667799439405&qH=2be977f3ff92dd10,2022-11-07 11:07:30.599801+05:30
SIHM2RMT,Whirlpool 190 L Direct Cool Single Door 3 Star Refrigerator,15340,17600,12% off,1327,122,4.2,"['Non Inverter Compressor', 'Built-in Stabilizer', '1 Year on Product and 10 Years on Compressor from Whirlpool']",https://www.flipkart.com/whirlpool-190-l-direct-cool-single-door-3-star-refrigerator/p/itm600cc6ce9ae49?pid=RFRG4XR6QNSM6X5H&lid=LSTRFRG4XR6QNSM6X5HUWM1ZO&marketplace=FLIPKART&q=fridge&store=j9e%2Fabm%2Fhzg&srno=s_17_407&otracker=search&otracker1=search&fm=organic&iid=en_VOtioDrJZOnLlUiXfk1y%2BZyou2VKJl6EqsRg0NSXGT0cEks9NbAGgzqXDY3gy%2BwS3RgyFZzsE5Uq1sCzOjbMWg%3D%3D&ppt=None&ppn=None&ssid=i6gtnj5gjk0000001667799439405&qH=2be977f3ff92dd10,2022-11-07 11:07:30.912366+05:30
C7MGNWJE,Whirlpool 190 L Direct Cool Single Door 3 Star Refrigerator,14640,17000,13% off,37835,3499,4.3,"['Normal Compressor', 'Built-in Stabilizer', '1 Year on Product and 10 Years on Compressor from Whirlpool']",https://www.flipkart.com/whirlpool-190-l-direct-cool-single-door-3-star-refrigerator/p/itmafa0a476dffe1?pid=RFRFZGFAHQ7VQXZF&lid=LSTRFRFZGFAHQ7VQXZFLUB4OV&marketplace=FLIPKART&q=fridge&store=j9e%2Fabm%2Fhzg&srno=s_17_408&otracker=search&otracker1=search&fm=organic&iid=en_VOtioDrJZOnLlUiXfk1y%2BZyou2VKJl6EqsRg0NSXGT0dMSixAqO83UzMm%2FCkiNdZZZHikuLs61%2BJy0ccFBS1Fg%3D%3D&ppt=None&ppn=None&ssid=i6gtnj5gjk0000001667799439405&qH=2be977f3ff92dd10,2022-11-07 11:07:31.213465+05:30
ZQ98FDTH,LG 284 L Frost Free Double Door 2 Star Refrigerator,27190,33490,18% off,31,2,4.2,"['Smart Inverter Compressor', 'Built-in Stabilizer', '1 Year Warranty on Product and 10 Years Warranty on Compressor From LG']",https://www.flipkart.com/lg-284-l-frost-free-double-door-2-star-refrigerator/p/itmf66ee6d3ac259?pid=RFRFMKZH7PWZXBH5&lid=LSTRFRFMKZH7PWZXBH5JUBQE8&marketplace=FLIPKART&q=fridge&store=j9e%2Fabm%2Fhzg&srno=s_18_409&otracker=search&otracker1=search&fm=organic&iid=028c84fb-42e4-4826-9f99-395a8cd58ba5.RFRFMKZH7PWZXBH5.SEARCH&ppt=None&ppn=None&ssid=sirni4nksg0000001667799452309&qH=2be977f3ff92dd10,2022-11-07 11:07:32.176046+05:30
0EFW1LQ7,SAMSUNG 192 L Direct Cool Single Door 3 Star Refrigerator,15490,17490,11% off,53,1,4.6,"['Digital Inverter Compressor', 'Built-in Stabilizer', '1 Year Warranty on Product and 10 Years on Compressor from Samsung']",https://www.flipkart.com/samsung-192-l-direct-cool-single-door-3-star-refrigerator/p/itm33f2603d5acdc?pid=RFRFZKEUZKZ7QDDV&lid=LSTRFRFZKEUZKZ7QDDVRGP7A4&marketplace=FLIPKART&q=fridge&store=j9e%2Fabm%2Fhzg&srno=s_18_410&otracker=search&otracker1=search&fm=organic&iid=028c84fb-42e4-4826-9f99-395a8cd58ba5.RFRFZKEUZKZ7QDDV.SEARCH&ppt=None&ppn=None&ssid=sirni4nksg0000001667799452309&qH=2be977f3ff92dd10,2022-11-07 11:07:32.944032+05:30
UYSFUQOH,Whirlpool 190 L Direct Cool Single Door 2 Star Refrigerator,12990,15600,16% off,37835,3499,4.3,"['Normal Compressor', 'Built-in Stabilizer', '1 Year on Product and 10 Years on Compressor from Whirlpool']",https://www.flipkart.com/whirlpool-190-l-direct-cool-single-door-2-star-refrigerator/p/itmf6b4c3749b7e4?pid=RFRFZGFAGZUJTXWF&lid=LSTRFRFZGFAGZUJTXWFPDDAKA&marketplace=FLIPKART&q=fridge&store=j9e%2Fabm%2Fhzg&srno=s_18_411&otracker=search&otracker1=search&fm=organic&iid=en_3EQ0CEFBiFVvSsorvDIgSp%2BeGBK2WYnjStLPN5IA5x%2BCwCUjeqYVJvgrzH844ZCvUxBERcvvxLbebUgcQtk5mQ%3D%3D&ppt=None&ppn=None&ssid=sirni4nksg0000001667799452309&qH=2be977f3ff92dd10,2022-11-07 11:07:33.253361+05:30
4G8ERCKH,Whirlpool 240 L Frost Free Triple Door Refrigerator,27990,33250,15% off,30897,3819,4.4,"['Normal Compressor', 'Built-in Stabilizer', '1 Year Warranty on Product and 10 Years Warranty on Compressor from Whirlpool']",https://www.flipkart.com/whirlpool-240-l-frost-free-triple-door-refrigerator/p/itmf7z5vhfcxysvp?pid=RFRF3HZZZYTNKSCU&lid=LSTRFRF3HZZZYTNKSCUCOA9SO&marketplace=FLIPKART&q=fridge&store=j9e%2Fabm%2Fhzg&srno=s_18_412&otracker=search&otracker1=search&fm=organic&iid=en_3EQ0CEFBiFVvSsorvDIgSp%2BeGBK2WYnjStLPN5IA5x%2Fqno8yRriAcI%2FEV%2FWLxCvt7Rfr5RUYhX0WhJqwxOQvSg%3D%3D&ppt=None&ppn=None&ssid=sirni4nksg0000001667799452309&qH=2be977f3ff92dd10,2022-11-07 11:07:33.552619+05:30
QIDYSWBG,Kelvinator 95 L Direct Cool Single Door 1 Star Refrigerator,11379,15490,26% off,0,0,0,"['Normal', '1 Year on Product']",https://www.flipkart.com/kelvinator-95-l-direct-cool-single-door-1-star-refrigerator/p/itmdef249d75523a?pid=RFRGGP5RJJWFFF8U&lid=LSTRFRGGP5RJJWFFF8UJZY2CK&marketplace=FLIPKART&q=fridge&store=j9e%2Fabm%2Fhzg&srno=s_18_413&otracker=search&otracker1=search&fm=organic&iid=028c84fb-42e4-4826-9f99-395a8cd58ba5.RFRGGP5RJJWFFF8U.SEARCH&ppt=None&ppn=None&ssid=sirni4nksg0000001667799452309&qH=2be977f3ff92dd10,2022-11-07 11:07:34.311370+05:30
LMXONPTN,SAMSUNG 198 L Direct Cool Single Door 4 Star Refrigerator with Base Drawer,18800,21990,14% off,0,0,0,"['Digital Inverter Compressor', 'Built-in Stabilizer', '1 Year Warranty on Product and 10 Years Warranty on Compressor From Samsung']",https://www.flipkart.com/samsung-198-l-direct-cool-single-door-4-star-refrigerator-base-drawer/p/itmcf304198ef1c0?pid=RFRGGUUZHMKBDMRB&lid=LSTRFRGGUUZHMKBDMRBGT3LKV&marketplace=FLIPKART&q=fridge&store=j9e%2Fabm%2Fhzg&srno=s_18_414&otracker=search&otracker1=search&fm=organic&iid=028c84fb-42e4-4826-9f99-395a8cd58ba5.RFRGGUUZHMKBDMRB.SEARCH&ppt=None&ppn=None&ssid=sirni4nksg0000001667799452309&qH=2be977f3ff92dd10,2022-11-07 11:07:35.111751+05:30
EMKR3CNG,LG 260 L Frost Free Double Door 3 Star Convertible Refrigerator,27990,35590,21% off,201,23,4.1,"['Inverter Linear Compressor', 'Built-in Stabilizer', '1 Year Warranty on product and 10 Years Warranty on compressor from LG']",https://www.flipkart.com/lg-260-l-frost-free-double-door-3-star-convertible-refrigerator/p/itmd23a4d36dff49?pid=RFRF6EGGZJHSMJZK&lid=LSTRFRF6EGGZJHSMJZKDL4ONK&marketplace=FLIPKART&q=fridge&store=j9e%2Fabm%2Fhzg&srno=s_18_415&otracker=search&otracker1=search&fm=organic&iid=028c84fb-42e4-4826-9f99-395a8cd58ba5.RFRF6EGGZJHSMJZK.SEARCH&ppt=None&ppn=None&ssid=sirni4nksg0000001667799452309&qH=2be977f3ff92dd10,2022-11-07 11:07:35.488540+05:30
DIDC641V,Whirlpool 265 L Frost Free Double Door 2 Star Refrigerator,23989,32550,26% off,0,0,0,"['Rotary Compressor', 'Built-in Stabilizer', '1 Year Warranty on Unit and 10 Years Warranty on Compressor']",https://www.flipkart.com/whirlpool-265-l-frost-free-double-door-2-star-refrigerator/p/itmc482930f977af?pid=RFRFW9HWZFYBQSGV&lid=LSTRFRFW9HWZFYBQSGVK6M6WJ&marketplace=FLIPKART&q=fridge&store=j9e%2Fabm%2Fhzg&srno=s_18_416&otracker=search&otracker1=search&fm=organic&iid=028c84fb-42e4-4826-9f99-395a8cd58ba5.RFRFW9HWZFYBQSGV.SEARCH&ppt=None&ppn=None&ssid=sirni4nksg0000001667799452309&qH=2be977f3ff92dd10,2022-11-07 11:07:36.236379+05:30
Q3LJ9FBG,Whirlpool 190 L Direct Cool Single Door 3 Star Refrigerator with Base Drawer,16340,20450,20% off,820,91,4.3,"['Non Inverter Compressor', 'Built-in Stabilizer', '1 Year on Product and 10 Years on Compressor from Whirlpool']",https://www.flipkart.com/whirlpool-190-l-direct-cool-single-door-3-star-refrigerator-base-drawer/p/itm495a967730b3c?pid=RFRG4XR6ZDXBEMZR&lid=LSTRFRG4XR6ZDXBEMZRXQJ2DZ&marketplace=FLIPKART&q=fridge&store=j9e%2Fabm%2Fhzg&srno=s_18_417&otracker=search&otracker1=search&fm=organic&iid=en_3EQ0CEFBiFVvSsorvDIgSp%2BeGBK2WYnjStLPN5IA5x%2FP8RCggye7hlZhNni8s%2BJrCik8178uFvOyLd%2F99yHoOg%3D%3D&ppt=None&ppn=None&ssid=sirni4nksg0000001667799452309&qH=2be977f3ff92dd10,2022-11-07 11:07:36.555356+05:30
VRMH87KX,Whirlpool 190 L Direct Cool Single Door 2 Star Refrigerator,13540,15900,14% off,37835,3499,4.3,"['Normal Compressor', 'Built-in Stabilizer', '1 Year on Product and 10 Years on Compressor from Whirlpool']",https://www.flipkart.com/whirlpool-190-l-direct-cool-single-door-2-star-refrigerator/p/itm23de1846cafca?pid=RFRFZGFANZJHN6SB&lid=LSTRFRFZGFANZJHN6SBRJ24IH&marketplace=FLIPKART&q=fridge&store=j9e%2Fabm%2Fhzg&srno=s_18_418&otracker=search&otracker1=search&fm=organic&iid=en_3EQ0CEFBiFVvSsorvDIgSp%2BeGBK2WYnjStLPN5IA5x827T97DU9Y2j9LjmWSKUZ4fG1q4G8NhosLJpsjXdZLzg%3D%3D&ppt=None&ppn=None&ssid=sirni4nksg0000001667799452309&qH=2be977f3ff92dd10,2022-11-07 11:07:36.869025+05:30
WXOPCD4O,Whirlpool 265 L Frost Free Double Door 2 Star Refrigerator,25900,29100,10% off,12,1,4.8,"['Digital Inverter', 'Built-in Stabilizer', '1 Year on Product and 10 Years on Compressor From Whirlpool']",https://www.flipkart.com/whirlpool-265-l-frost-free-double-door-2-star-refrigerator/p/itm6a4bfddcb626d?pid=RFRFQHMSVKF2SW4R&lid=LSTRFRFQHMSVKF2SW4RRPANBF&marketplace=FLIPKART&q=fridge&store=j9e%2Fabm%2Fhzg&srno=s_18_419&otracker=search&otracker1=search&fm=organic&iid=028c84fb-42e4-4826-9f99-395a8cd58ba5.RFRFQHMSVKF2SW4R.SEARCH&ppt=None&ppn=None&ssid=sirni4nksg0000001667799452309&qH=2be977f3ff92dd10,2022-11-07 11:07:37.675341+05:30
ROKHF6KD,SAMSUNG 244 L Frost Free Double Door 3 Star Convertible Refrigerator with Base Drawer  with Curd Maest...,29888,41249,27% off,71,9,4.5,"['Digital Inverter Compressor', 'Built-in Stabilizer', '1 Year Warranty on Product and 10 Years on Compressor']",https://www.flipkart.com/samsung-244-l-frost-free-double-door-3-star-convertible-refrigerator-base-drawer-curd-maestro/p/itmec59ccb077e48?pid=RFRFQGHKFSENQZKZ&lid=LSTRFRFQGHKFSENQZKZHICSEH&marketplace=FLIPKART&q=fridge&store=j9e%2Fabm%2Fhzg&srno=s_18_420&otracker=search&otracker1=search&fm=organic&iid=028c84fb-42e4-4826-9f99-395a8cd58ba5.RFRFQGHKFSENQZKZ.SEARCH&ppt=None&ppn=None&ssid=sirni4nksg0000001667799452309&qH=2be977f3ff92dd10,2022-11-07 11:07:38.535200+05:30
VPAGAXZ5,Whirlpool 300 L Frost Free Triple Door Refrigerator,34390,43950,21% off,30897,3819,4.4,"['Normal Compressor', 'Built-in Stabilizer', '1 Year Warranty on Product and 10 Years on Compressor From Whirlpool']",https://www.flipkart.com/whirlpool-300-l-frost-free-triple-door-refrigerator/p/itmexbvqq3h9zyz2?pid=RFRDZEQ7FYQ5QTSN&lid=LSTRFRDZEQ7FYQ5QTSNHFAVDN&marketplace=FLIPKART&q=fridge&store=j9e%2Fabm%2Fhzg&srno=s_18_421&otracker=search&otracker1=search&fm=organic&iid=en_3EQ0CEFBiFVvSsorvDIgSp%2BeGBK2WYnjStLPN5IA5x%2BPe4zpdl9wLnHN2%2Byy7U%2B0Do5XXw04e34i8rC9wk%2FwUA%3D%3D&ppt=None&ppn=None&ssid=sirni4nksg0000001667799452309&qH=2be977f3ff92dd10,2022-11-07 11:07:38.868758+05:30
AUF59LTC,Whirlpool 190 L Direct Cool Single Door 3 Star Refrigerator with Base Drawer,16340,19500,16% off,444,34,4.3,"['Non Inverter Compressor', 'Built-in Stabilizer', '1 Year on Product and 10 Years on Compressor from Whirlpool']",https://www.flipkart.com/whirlpool-190-l-direct-cool-single-door-3-star-refrigerator-base-drawer/p/itmd625ad7498750?pid=RFRG4XR6FXK3XANH&lid=LSTRFRG4XR6FXK3XANH2QMZGI&marketplace=FLIPKART&q=fridge&store=j9e%2Fabm%2Fhzg&srno=s_18_422&otracker=search&otracker1=search&fm=organic&iid=en_3EQ0CEFBiFVvSsorvDIgSp%2BeGBK2WYnjStLPN5IA5x%2Bnc9NycaD6dBKuVoDFIACmMGzOfXGzGk9IKwrcXp9P4A%3D%3D&ppt=None&ppn=None&ssid=sirni4nksg0000001667799452309&qH=2be977f3ff92dd10,2022-11-07 11:07:39.176722+05:30
317TE82X,LG 694 L Frost Free Side by Side Inverter Technology Star Refrigerator,109000,154999,29% off,0,0,0,"['Smart Inverter Compressor', 'Built-in Stabilizer', '1 Year Warranty on Product and 10 Years Warranty on Compressor From LG']",https://www.flipkart.com/lg-694-l-frost-free-side-inverter-technology-star-refrigerator/p/itm1bd9f015b1b1e?pid=RFRGGN2URWEMJHT6&lid=LSTRFRGGN2URWEMJHT6VSSRQO&marketplace=FLIPKART&q=fridge&store=j9e%2Fabm%2Fhzg&srno=s_18_423&otracker=search&otracker1=search&fm=organic&iid=028c84fb-42e4-4826-9f99-395a8cd58ba5.RFRGGN2URWEMJHT6.SEARCH&ppt=None&ppn=None&ssid=sirni4nksg0000001667799452309&qH=2be977f3ff92dd10,2022-11-07 11:07:40.410633+05:30
44S7587X,SAMSUNG 676 L Frost Free Side by Side Inverter Technology Star Refrigerator,98800,115590,14% off,29,3,4.1,"['Digital Inverter Compressor', 'Built-in Stabilizer', '1 Year on Refrigerator and 10 Years on Compressor from Samsung']",https://www.flipkart.com/samsung-676-l-frost-free-side-inverter-technology-star-refrigerator/p/itmfgpryf8xxugwz?pid=RFRFGPRYZJAHUCZQ&lid=LSTRFRFGPRYZJAHUCZQ610PTY&marketplace=FLIPKART&q=fridge&store=j9e%2Fabm%2Fhzg&srno=s_18_424&otracker=search&otracker1=search&fm=organic&iid=028c84fb-42e4-4826-9f99-395a8cd58ba5.RFRFGPRYZJAHUCZQ.SEARCH&ppt=None&ppn=None&ssid=sirni4nksg0000001667799452309&qH=2be977f3ff92dd10,2022-11-07 11:07:40.926755+05:30
KRPNP6BP,LG 215 L Direct Cool Single Door 3 Star Refrigerator with Base Drawer,19490,22290,12% off,0,0,0,"['Reciprocating Compressor', 'Built-in Stabilizer', '1 Year Warranty on Product and 10 Years Warranty on Compressor']",https://www.flipkart.com/lg-215-l-direct-cool-single-door-3-star-refrigerator-base-drawer/p/itm178f641de5589?pid=RFRGDK5H9WG9JH6A&lid=LSTRFRGDK5H9WG9JH6AJBL6EV&marketplace=FLIPKART&q=fridge&store=j9e%2Fabm%2Fhzg&srno=s_18_425&otracker=search&otracker1=search&fm=organic&iid=028c84fb-42e4-4826-9f99-395a8cd58ba5.RFRGDK5H9WG9JH6A.SEARCH&ppt=None&ppn=None&ssid=sirni4nksg0000001667799452309&qH=2be977f3ff92dd10,2022-11-07 11:07:41.227510+05:30
D51S1D4A,SAMSUNG 314 L Frost Free Double Door 3 Star Refrigerator,38500,44590,13% off,0,0,0,"['Digital Inverter Compressor', 'Built-in Stabilizer', '1 Year Warranty on Product and 10 Years on Compressor from Samsung']",https://www.flipkart.com/samsung-314-l-frost-free-double-door-3-star-refrigerator/p/itm6e304c5c0c949?pid=RFRG49A7KGGHZNZK&lid=LSTRFRG49A7KGGHZNZKKOOEQD&marketplace=FLIPKART&q=fridge&store=j9e%2Fabm%2Fhzg&srno=s_18_426&otracker=search&otracker1=search&fm=organic&iid=028c84fb-42e4-4826-9f99-395a8cd58ba5.RFRG49A7KGGHZNZK.SEARCH&ppt=None&ppn=None&ssid=sirni4nksg0000001667799452309&qH=2be977f3ff92dd10,2022-11-07 11:07:42.103245+05:30
DN0URP6T,Whirlpool 190 L Direct Cool Single Door 2 Star Refrigerator,13540,16500,17% off,37835,3499,4.3,"['Normal Compressor', 'Built-in Stabilizer', '1 Year on Product and 10 Years on Compressor from Whirlpool']",https://www.flipkart.com/whirlpool-190-l-direct-cool-single-door-2-star-refrigerator/p/itm823c53fcf0200?pid=RFRFZGFADYS3UTBG&lid=LSTRFRFZGFADYS3UTBGFVSNUE&marketplace=FLIPKART&q=fridge&store=j9e%2Fabm%2Fhzg&srno=s_18_427&otracker=search&otracker1=search&fm=organic&iid=en_3EQ0CEFBiFVvSsorvDIgSp%2BeGBK2WYnjStLPN5IA5x8KCRnnxblp8lh1MO3b%2FTLa6VmDAgCf6DMckC1h3ZnRZg%3D%3D&ppt=None&ppn=None&ssid=sirni4nksg0000001667799452309&qH=2be977f3ff92dd10,2022-11-07 11:07:42.423048+05:30
BCSW580I,Whirlpool 190 L Direct Cool Single Door 3 Star Refrigerator,15340,18000,14% off,622,47,4.3,"['Non Inverter Compressor', 'Built-in Stabilizer', '1 Year on Product and 10 Years on Compressor from Whirlpool']",https://www.flipkart.com/whirlpool-190-l-direct-cool-single-door-3-star-refrigerator/p/itmc4870feb17803?pid=RFRG4XR689KTY9QT&lid=LSTRFRG4XR689KTY9QTJUWMVD&marketplace=FLIPKART&q=fridge&store=j9e%2Fabm%2Fhzg&srno=s_18_428&otracker=search&otracker1=search&fm=organic&iid=en_3EQ0CEFBiFVvSsorvDIgSp%2BeGBK2WYnjStLPN5IA5x%2FGFQdSqjoR7ekCnowhw0RlSnPWXWX2eFur1r0QMwaKtQ%3D%3D&ppt=None&ppn=None&ssid=sirni4nksg0000001667799452309&qH=2be977f3ff92dd10,2022-11-07 11:07:42.806422+05:30
0AD0921M,LG 260 L Frost Free Double Door 2 Star Convertible Refrigerator,25990,34490,24% off,6,2,4.2,"['Digital Inverter Compressor', 'Built-in Stabilizer', '1 Year Warranty on Unit and 10 Years Warranty on Compressor from LG']",https://www.flipkart.com/lg-260-l-frost-free-double-door-2-star-convertible-refrigerator/p/itmdd791001aa59c?pid=RFRFEREQY7HV7J6Z&lid=LSTRFRFEREQY7HV7J6ZSVT9UW&marketplace=FLIPKART&q=fridge&store=j9e%2Fabm%2Fhzg&srno=s_18_429&otracker=search&otracker1=search&fm=organic&iid=028c84fb-42e4-4826-9f99-395a8cd58ba5.RFRFEREQY7HV7J6Z.SEARCH&ppt=None&ppn=None&ssid=sirni4nksg0000001667799452309&qH=2be977f3ff92dd10,2022-11-07 11:07:43.624154+05:30
3W1YS4KX,Godrej 190 L Direct Cool Single Door 3 Star Refrigerator  with Intelligent Inverter Compressor,14690,15490,5% off,5564,576,4.3,"['Inverter', 'Built-in Stabilizer', '1 Year Warranty on product and 10 Years Warranty on Compressor from Godrej']",https://www.flipkart.com/godrej-190-l-direct-cool-single-door-3-star-refrigerator-intelligent-inverter-compressor/p/itmb18e361d310bc?pid=RFRFZCW3R7ZHJZBH&lid=LSTRFRFZCW3R7ZHJZBHUWAOCP&marketplace=FLIPKART&q=fridge&store=j9e%2Fabm%2Fhzg&srno=s_18_430&otracker=search&otracker1=search&fm=organic&iid=028c84fb-42e4-4826-9f99-395a8cd58ba5.RFRFZCW3R7ZHJZBH.SEARCH&ppt=None&ppn=None&ssid=sirni4nksg0000001667799452309&qH=2be977f3ff92dd10,2022-11-07 11:07:43.942951+05:30
QZ4RR6TL,Whirlpool 190 L Direct Cool Single Door 3 Star Refrigerator,15340,17600,12% off,1327,122,4.2,"['Non Inverter Compressor', 'Built-in Stabilizer', '1 Year on Product and 10 Years on Compressor from Whirlpool']",https://www.flipkart.com/whirlpool-190-l-direct-cool-single-door-3-star-refrigerator/p/itm600cc6ce9ae49?pid=RFRG4XR6QNSM6X5H&lid=LSTRFRG4XR6QNSM6X5HUWM1ZO&marketplace=FLIPKART&q=fridge&store=j9e%2Fabm%2Fhzg&srno=s_18_431&otracker=search&otracker1=search&fm=organic&iid=en_3EQ0CEFBiFVvSsorvDIgSp%2BeGBK2WYnjStLPN5IA5x%2BiG92I3pac0VoG9gDiEuEH3RgyFZzsE5Uq1sCzOjbMWg%3D%3D&ppt=None&ppn=None&ssid=sirni4nksg0000001667799452309&qH=2be977f3ff92dd10,2022-11-07 11:07:44.356537+05:30
QO6XKY19,Whirlpool 190 L Direct Cool Single Door 3 Star Refrigerator,14640,17000,13% off,37835,3499,4.3,"['Normal Compressor', 'Built-in Stabilizer', '1 Year on Product and 10 Years on Compressor from Whirlpool']",https://www.flipkart.com/whirlpool-190-l-direct-cool-single-door-3-star-refrigerator/p/itmafa0a476dffe1?pid=RFRFZGFAHQ7VQXZF&lid=LSTRFRFZGFAHQ7VQXZFLUB4OV&marketplace=FLIPKART&q=fridge&store=j9e%2Fabm%2Fhzg&srno=s_18_432&otracker=search&otracker1=search&fm=organic&iid=en_3EQ0CEFBiFVvSsorvDIgSp%2BeGBK2WYnjStLPN5IA5x9wpI48vOfHtbE1S8skvKFtZZHikuLs61%2BJy0ccFBS1Fg%3D%3D&ppt=None&ppn=None&ssid=sirni4nksg0000001667799452309&qH=2be977f3ff92dd10,2022-11-07 11:07:44.711531+05:30
EU442FLQ,LG 215 L Direct Cool Single Door 3 Star Refrigerator,18480,23533,21% off,0,0,0,"['Normal', '1 Year Warranty on Product']",https://www.flipkart.com/lg-215-l-direct-cool-single-door-3-star-refrigerator/p/itmc8fbaef41a07b?pid=RFRGHF9BNZZGGNXJ&lid=LSTRFRGHF9BNZZGGNXJX2P7JA&marketplace=FLIPKART&q=fridge&store=j9e%2Fabm%2Fhzg&srno=s_19_433&otracker=search&otracker1=search&fm=organic&iid=dd6be084-8e9d-48cf-af1e-3ae25433d5f9.RFRGHF9BNZZGGNXJ.SEARCH&ppt=None&ppn=None&ssid=1im19w3qmo0000001667799465878&qH=2be977f3ff92dd10,2022-11-07 11:07:47.593596+05:30
ZDPZ96IU,Godrej 192 L Direct Cool Single Door 5 Star Refrigerator,18599,24200,23% off,149,14,4.5,"['Hygiene+ Inverter Technology', '1 Year Warranty on Product and 10 Years Warranty on Compressor from Godrej']",https://www.flipkart.com/godrej-192-l-direct-cool-single-door-5-star-refrigerator/p/itm9f319c54e78bd?pid=RFRFW2U2H6VGDSUM&lid=LSTRFRFW2U2H6VGDSUMDCFKAM&marketplace=FLIPKART&q=fridge&store=j9e%2Fabm%2Fhzg&srno=s_19_434&otracker=search&otracker1=search&fm=organic&iid=dd6be084-8e9d-48cf-af1e-3ae25433d5f9.RFRFW2U2H6VGDSUM.SEARCH&ppt=None&ppn=None&ssid=1im19w3qmo0000001667799465878&qH=2be977f3ff92dd10,2022-11-07 11:07:48.025304+05:30
25USAPZQ,Haier 278 L Frost Free Double Door 3 Star Convertible Refrigerator,32500,51600,37% off,0,0,0,"['INVERTER Compressor', 'Built-in Stabilizer', '1 Year Warranty on Product and 10 Years Warranty on Compressor from Haier']",https://www.flipkart.com/haier-278-l-frost-free-double-door-3-star-convertible-refrigerator/p/itm1b3edfee3f991?pid=RFRG4TEZGF5FNFGF&lid=LSTRFRG4TEZGF5FNFGFXWG7BB&marketplace=FLIPKART&q=fridge&store=j9e%2Fabm%2Fhzg&srno=s_19_435&otracker=search&otracker1=search&fm=organic&iid=dd6be084-8e9d-48cf-af1e-3ae25433d5f9.RFRG4TEZGF5FNFGF.SEARCH&ppt=None&ppn=None&ssid=1im19w3qmo0000001667799465878&qH=2be977f3ff92dd10,2022-11-07 11:07:48.555024+05:30
6UKUVA6C,Haier 345 L Frost Free Double Door 3 Star Convertible Refrigerator,38490,68100,43% off,3,0,3.7,"['INVERTER Compressor', 'Built-in Stabilizer', '1 Year Warranty on Product and 10 Years Warranty on Compressor from Haier']",https://www.flipkart.com/haier-345-l-frost-free-double-door-3-star-convertible-refrigerator/p/itme0420732fe395?pid=RFRG4Q65AV5DTVJB&lid=LSTRFRG4Q65AV5DTVJBZGNYAP&marketplace=FLIPKART&q=fridge&store=j9e%2Fabm%2Fhzg&srno=s_19_436&otracker=search&otracker1=search&fm=organic&iid=dd6be084-8e9d-48cf-af1e-3ae25433d5f9.RFRG4Q65AV5DTVJB.SEARCH&ppt=None&ppn=None&ssid=1im19w3qmo0000001667799465878&qH=2be977f3ff92dd10,2022-11-07 11:07:48.981426+05:30
BC6XQUDH,Whirlpool 190 L Direct Cool Single Door 2 Star Refrigerator,12990,15600,16% off,37835,3499,4.3,"['Normal Compressor', 'Built-in Stabilizer', '1 Year on Product and 10 Years on Compressor from Whirlpool']",https://www.flipkart.com/whirlpool-190-l-direct-cool-single-door-2-star-refrigerator/p/itmf6b4c3749b7e4?pid=RFRFZGFAGZUJTXWF&lid=LSTRFRFZGFAGZUJTXWFPDDAKA&marketplace=FLIPKART&q=fridge&store=j9e%2Fabm%2Fhzg&srno=s_19_437&otracker=search&otracker1=search&fm=organic&iid=en_mTPxWpge%2FSU0%2BlNSCRceJZrxWfnezbzauscyCs4asq5K7429Q2Ljw%2FNg8D7xnPNTUxBERcvvxLbebUgcQtk5mQ%3D%3D&ppt=None&ppn=None&ssid=1im19w3qmo0000001667799465878&qH=2be977f3ff92dd10,2022-11-07 11:07:49.319423+05:30
3TVUBHN3,Whirlpool 190 L Direct Cool Single Door 3 Star Refrigerator with Base Drawer,16340,20450,20% off,820,91,4.3,"['Non Inverter Compressor', 'Built-in Stabilizer', '1 Year on Product and 10 Years on Compressor from Whirlpool']",https://www.flipkart.com/whirlpool-190-l-direct-cool-single-door-3-star-refrigerator-base-drawer/p/itm495a967730b3c?pid=RFRG4XR6ZDXBEMZR&lid=LSTRFRG4XR6ZDXBEMZRXQJ2DZ&marketplace=FLIPKART&q=fridge&store=j9e%2Fabm%2Fhzg&srno=s_19_438&otracker=search&otracker1=search&fm=organic&iid=en_mTPxWpge%2FSU0%2BlNSCRceJZrxWfnezbzauscyCs4asq6dK93rVCmtSfHdT73lLnQ7Cik8178uFvOyLd%2F99yHoOg%3D%3D&ppt=None&ppn=None&ssid=1im19w3qmo0000001667799465878&qH=2be977f3ff92dd10,2022-11-07 11:07:49.634120+05:30
T4A25EO0,Whirlpool 200 L Direct Cool Single Door 4 Star Refrigerator,19349,20200,4% off,10025,1047,4.3,"['IntelliSense Inverter Compressor', 'Built-in Stabilizer', '1 Year on Product and 10 Years on Compressor from Whirlpool']",https://www.flipkart.com/whirlpool-200-l-direct-cool-single-door-4-star-refrigerator/p/itm2945608c3d4b9?pid=RFRFV5GGSDUYFZ5P&lid=LSTRFRFV5GGSDUYFZ5P989I44&marketplace=FLIPKART&q=fridge&store=j9e%2Fabm%2Fhzg&srno=s_19_439&otracker=search&otracker1=search&fm=organic&iid=dd6be084-8e9d-48cf-af1e-3ae25433d5f9.RFRFV5GGSDUYFZ5P.SEARCH&ppt=None&ppn=None&ssid=1im19w3qmo0000001667799465878&qH=2be977f3ff92dd10,2022-11-07 11:07:50.537550+05:30
77IWP3F5,Whirlpool 200 L Direct Cool Single Door 3 Star Refrigerator,17990,21250,15% off,10025,1047,4.3,"['Normal Compressor', 'Built-in Stabilizer', '1 Year on Product, 10 Years on Compressor']",https://www.flipkart.com/whirlpool-200-l-direct-cool-single-door-3-star-refrigerator/p/itm697fed430b6f2?pid=RFRFQ4EB7AFCFMZB&lid=LSTRFRFQ4EB7AFCFMZBN4XLJW&marketplace=FLIPKART&q=fridge&store=j9e%2Fabm%2Fhzg&srno=s_19_440&otracker=search&otracker1=search&fm=organic&iid=dd6be084-8e9d-48cf-af1e-3ae25433d5f9.RFRFQ4EB7AFCFMZB.SEARCH&ppt=None&ppn=None&ssid=1im19w3qmo0000001667799465878&qH=2be977f3ff92dd10,2022-11-07 11:07:51.412621+05:30
2DJW408L,Whirlpool 190 L Direct Cool Single Door 2 Star Refrigerator,13540,15900,14% off,37835,3499,4.3,"['Normal Compressor', 'Built-in Stabilizer', '1 Year on Product and 10 Years on Compressor from Whirlpool']",https://www.flipkart.com/whirlpool-190-l-direct-cool-single-door-2-star-refrigerator/p/itm23de1846cafca?pid=RFRFZGFANZJHN6SB&lid=LSTRFRFZGFANZJHN6SBRJ24IH&marketplace=FLIPKART&q=fridge&store=j9e%2Fabm%2Fhzg&srno=s_19_441&otracker=search&otracker1=search&fm=organic&iid=en_mTPxWpge%2FSU0%2BlNSCRceJZrxWfnezbzauscyCs4asq61uGKLoWx5DlRuJorxttIrfG1q4G8NhosLJpsjXdZLzg%3D%3D&ppt=None&ppn=None&ssid=1im19w3qmo0000001667799465878&qH=2be977f3ff92dd10,2022-11-07 11:07:51.726150+05:30
Q70RRNF3,Whirlpool 190 L Direct Cool Single Door 3 Star Refrigerator with Base Drawer,16340,19500,16% off,444,34,4.3,"['Non Inverter Compressor', 'Built-in Stabilizer', '1 Year on Product and 10 Years on Compressor from Whirlpool']",https://www.flipkart.com/whirlpool-190-l-direct-cool-single-door-3-star-refrigerator-base-drawer/p/itmd625ad7498750?pid=RFRG4XR6FXK3XANH&lid=LSTRFRG4XR6FXK3XANH2QMZGI&marketplace=FLIPKART&q=fridge&store=j9e%2Fabm%2Fhzg&srno=s_19_442&otracker=search&otracker1=search&fm=organic&iid=en_mTPxWpge%2FSU0%2BlNSCRceJZrxWfnezbzauscyCs4asq55Bb4opMC7bX5ni%2Fk6yTFCMGzOfXGzGk9IKwrcXp9P4A%3D%3D&ppt=None&ppn=None&ssid=1im19w3qmo0000001667799465878&qH=2be977f3ff92dd10,2022-11-07 11:07:52.037436+05:30
34P6PYGI,LG 260 L Frost Free Double Door 2 Star Convertible Refrigerator with Base Drawer,27939,31890,12% off,43,0,4.3,"['Smart Inverter', 'Built-in Stabilizer', '1 Year Warranty on Motor']",https://www.flipkart.com/lg-260-l-frost-free-double-door-2-star-convertible-refrigerator-base-drawer/p/itm59cd480f6c3e0?pid=RFRG6UQGWKZZSWHQ&lid=LSTRFRG6UQGWKZZSWHQJY9ORV&marketplace=FLIPKART&q=fridge&store=j9e%2Fabm%2Fhzg&srno=s_19_443&otracker=search&otracker1=search&fm=organic&iid=dd6be084-8e9d-48cf-af1e-3ae25433d5f9.RFRG6UQGWKZZSWHQ.SEARCH&ppt=None&ppn=None&ssid=1im19w3qmo0000001667799465878&qH=2be977f3ff92dd10,2022-11-07 11:07:52.368518+05:30
ILAJ46O2,Whirlpool 190 L Direct Cool Single Door 4 Star Refrigerator,16890,19650,14% off,8934,858,4.3,"['Inverter Compressor', 'Built-in Stabilizer', '1 Year on Product and 10 Years on Compressor From Whirlpool']",https://www.flipkart.com/whirlpool-190-l-direct-cool-single-door-4-star-refrigerator/p/itm66ba5c1c9b788?pid=RFRFZVTW5KG4J5CF&lid=LSTRFRFZVTW5KG4J5CFER0C6M&marketplace=FLIPKART&q=fridge&store=j9e%2Fabm%2Fhzg&srno=s_19_444&otracker=search&otracker1=search&fm=organic&iid=dd6be084-8e9d-48cf-af1e-3ae25433d5f9.RFRFZVTW5KG4J5CF.SEARCH&ppt=None&ppn=None&ssid=1im19w3qmo0000001667799465878&qH=2be977f3ff92dd10,2022-11-07 11:07:52.729496+05:30
N8VWSNG6,LG 235 L Direct Cool Single Door 3 Star Refrigerator with Base Drawer,20999,27899,24% off,0,0,0,"['Conventional Compressor', 'Built-in Stabilizer', '1 Year on Product and 10 Years on Compressor From LG']",https://www.flipkart.com/lg-235-l-direct-cool-single-door-3-star-refrigerator-base-drawer/p/itma1d56fbe4318d?pid=RFRGHYB5B4FPE6JP&lid=LSTRFRGHYB5B4FPE6JPCMJHYY&marketplace=FLIPKART&q=fridge&store=j9e%2Fabm%2Fhzg&srno=s_19_445&otracker=search&otracker1=search&fm=organic&iid=dd6be084-8e9d-48cf-af1e-3ae25433d5f9.RFRGHYB5B4FPE6JP.SEARCH&ppt=None&ppn=None&ssid=1im19w3qmo0000001667799465878&qH=2be977f3ff92dd10,2022-11-07 11:07:53.031041+05:30
XU8USIHV,Hitachi 403 L Frost Free Double Door 2 Star Refrigerator,47490,66000,28% off,5,1,3.2,"['Inverter', 'Built-in Stabilizer', '1 Year Manufacturer Warranty and 10 Years Warranty on Compressor from Hitachi']",https://www.flipkart.com/hitachi-403-l-frost-free-double-door-2-star-refrigerator/p/itma853ec26ad54c?pid=RFRFWCVGGURGYAZR&lid=LSTRFRFWCVGGURGYAZRWT4ELJ&marketplace=FLIPKART&q=fridge&store=j9e%2Fabm%2Fhzg&srno=s_19_446&otracker=search&otracker1=search&fm=organic&iid=dd6be084-8e9d-48cf-af1e-3ae25433d5f9.RFRFWCVGGURGYAZR.SEARCH&ppt=None&ppn=None&ssid=1im19w3qmo0000001667799465878&qH=2be977f3ff92dd10,2022-11-07 11:07:53.356427+05:30
C559G0C0,Whirlpool 190 L Direct Cool Single Door 2 Star Refrigerator,13540,16500,17% off,37835,3499,4.3,"['Normal Compressor', 'Built-in Stabilizer', '1 Year on Product and 10 Years on Compressor from Whirlpool']",https://www.flipkart.com/whirlpool-190-l-direct-cool-single-door-2-star-refrigerator/p/itm823c53fcf0200?pid=RFRFZGFADYS3UTBG&lid=LSTRFRFZGFADYS3UTBGFVSNUE&marketplace=FLIPKART&q=fridge&store=j9e%2Fabm%2Fhzg&srno=s_19_447&otracker=search&otracker1=search&fm=organic&iid=en_mTPxWpge%2FSU0%2BlNSCRceJZrxWfnezbzauscyCs4asq54WdN%2F5WerFy%2BlPD%2BcbiMz6VmDAgCf6DMckC1h3ZnRZg%3D%3D&ppt=None&ppn=None&ssid=1im19w3qmo0000001667799465878&qH=2be977f3ff92dd10,2022-11-07 11:07:53.690503+05:30
PLOU0XFV,Whirlpool 190 L Direct Cool Single Door 3 Star Refrigerator,15340,18000,14% off,622,47,4.3,"['Non Inverter Compressor', 'Built-in Stabilizer', '1 Year on Product and 10 Years on Compressor from Whirlpool']",https://www.flipkart.com/whirlpool-190-l-direct-cool-single-door-3-star-refrigerator/p/itmc4870feb17803?pid=RFRG4XR689KTY9QT&lid=LSTRFRG4XR689KTY9QTJUWMVD&marketplace=FLIPKART&q=fridge&store=j9e%2Fabm%2Fhzg&srno=s_19_448&otracker=search&otracker1=search&fm=organic&iid=en_mTPxWpge%2FSU0%2BlNSCRceJZrxWfnezbzauscyCs4asq7lhscM%2F%2B569VYmrcDIN8neSnPWXWX2eFur1r0QMwaKtQ%3D%3D&ppt=None&ppn=None&ssid=1im19w3qmo0000001667799465878&qH=2be977f3ff92dd10,2022-11-07 11:07:54.010437+05:30
KOHBQLQM,LG 204 L Direct Cool Single Door 5 Star Refrigerator,19990,25499,21% off,18,2,4.6,"['Smart Inverter Compressor', 'Built-in Stabilizer', '1 Year Warranty on Product and 10 Years on Compressor from LG']",https://www.flipkart.com/lg-204-l-direct-cool-single-door-5-star-refrigerator/p/itma401fc9863dc6?pid=RFRGGHES2PYZTBZT&lid=LSTRFRGGHES2PYZTBZTFCGXBF&marketplace=FLIPKART&q=fridge&store=j9e%2Fabm%2Fhzg&srno=s_19_449&otracker=search&otracker1=search&fm=organic&iid=dd6be084-8e9d-48cf-af1e-3ae25433d5f9.RFRGGHES2PYZTBZT.SEARCH&ppt=None&ppn=None&ssid=1im19w3qmo0000001667799465878&qH=2be977f3ff92dd10,2022-11-07 11:07:54.749969+05:30
SN2PJKTX,Haier 195 L Direct Cool Single Door 5 Star Refrigerator,17690,23700,25% off,829,90,4.4,"['Inverter Compressor', 'Built-in Stabilizer', '1 Year On Product and 10 Years on Compressor from Haier']",https://www.flipkart.com/haier-195-l-direct-cool-single-door-5-star-refrigerator/p/itm29ab53aa97e14?pid=RFRFZFHUDNARYRC2&lid=LSTRFRFZFHUDNARYRC2KXDJAG&marketplace=FLIPKART&q=fridge&store=j9e%2Fabm%2Fhzg&srno=s_19_450&otracker=search&otracker1=search&fm=organic&iid=dd6be084-8e9d-48cf-af1e-3ae25433d5f9.RFRFZFHUDNARYRC2.SEARCH&ppt=None&ppn=None&ssid=1im19w3qmo0000001667799465878&qH=2be977f3ff92dd10,2022-11-07 11:07:55.504505+05:30
JTFW0BHW,Whirlpool 190 L Direct Cool Single Door 3 Star Refrigerator,15340,17600,12% off,1327,122,4.2,"['Non Inverter Compressor', 'Built-in Stabilizer', '1 Year on Product and 10 Years on Compressor from Whirlpool']",https://www.flipkart.com/whirlpool-190-l-direct-cool-single-door-3-star-refrigerator/p/itm600cc6ce9ae49?pid=RFRG4XR6QNSM6X5H&lid=LSTRFRG4XR6QNSM6X5HUWM1ZO&marketplace=FLIPKART&q=fridge&store=j9e%2Fabm%2Fhzg&srno=s_19_451&otracker=search&otracker1=search&fm=organic&iid=en_mTPxWpge%2FSU0%2BlNSCRceJZrxWfnezbzauscyCs4asq4jLK5mmesGAiYkKsN5%2Fq%2FG3RgyFZzsE5Uq1sCzOjbMWg%3D%3D&ppt=None&ppn=None&ssid=1im19w3qmo0000001667799465878&qH=2be977f3ff92dd10,2022-11-07 11:07:55.819982+05:30
HH2P5L2E,Whirlpool 190 L Direct Cool Single Door 3 Star Refrigerator,14640,17000,13% off,37835,3499,4.3,"['Normal Compressor', 'Built-in Stabilizer', '1 Year on Product and 10 Years on Compressor from Whirlpool']",https://www.flipkart.com/whirlpool-190-l-direct-cool-single-door-3-star-refrigerator/p/itmafa0a476dffe1?pid=RFRFZGFAHQ7VQXZF&lid=LSTRFRFZGFAHQ7VQXZFLUB4OV&marketplace=FLIPKART&q=fridge&store=j9e%2Fabm%2Fhzg&srno=s_19_452&otracker=search&otracker1=search&fm=organic&iid=en_mTPxWpge%2FSU0%2BlNSCRceJZrxWfnezbzauscyCs4asq5B2%2FUG%2BXXXxcSY3ohQSWG69id%2Byr2a%2Frjl%2FtNWn3LZxQ%3D%3D&ppt=None&ppn=None&ssid=1im19w3qmo0000001667799465878&qH=2be977f3ff92dd10,2022-11-07 11:07:56.103530+05:30
UYBXQ4TT,LG 235 L Direct Cool Single Door 3 Star Refrigerator with Base Drawer,19560,27190,28% off,35,1,4.3,"['Smart Inverter Compressor', 'Built-in Stabilizer', '1 Year Warranty on Product and 10 Years on Compressor from LG']",https://www.flipkart.com/lg-235-l-direct-cool-single-door-3-star-refrigerator-base-drawer/p/itmf71189bfb5754?pid=RFRG5J3GWMCD9ZMQ&lid=LSTRFRG5J3GWMCD9ZMQCPKWQJ&marketplace=FLIPKART&q=fridge&store=j9e%2Fabm%2Fhzg&srno=s_19_453&otracker=search&otracker1=search&fm=organic&iid=dd6be084-8e9d-48cf-af1e-3ae25433d5f9.RFRG5J3GWMCD9ZMQ.SEARCH&ppt=None&ppn=None&ssid=1im19w3qmo0000001667799465878&qH=2be977f3ff92dd10,2022-11-07 11:07:56.420591+05:30
LTVF4CT3,SAMSUNG 465 L Frost Free Double Door 2 Star Convertible Refrigerator,53930,68990,21% off,0,0,0,"['Digital Inverter Technology', 'Built-in Stabilizer', '1 Year Warranty on Product and 10 Years Warranty on Compressor from Samsung']",https://www.flipkart.com/samsung-465-l-frost-free-double-door-2-star-convertible-refrigerator/p/itm2340f8ac5ac27?pid=RFRGGUUXYYVDX8Q7&lid=LSTRFRGGUUXYYVDX8Q7EKDPTV&marketplace=FLIPKART&q=fridge&store=j9e%2Fabm%2Fhzg&srno=s_19_454&otracker=search&otracker1=search&fm=organic&iid=dd6be084-8e9d-48cf-af1e-3ae25433d5f9.RFRGGUUXYYVDX8Q7.SEARCH&ppt=None&ppn=None&ssid=1im19w3qmo0000001667799465878&qH=2be977f3ff92dd10,2022-11-07 11:07:57.212532+05:30
LGPMNLCH,LG 190 L Direct Cool Single Door 3 Star Refrigerator,16799,21199,20% off,0,0,0,"['RECIPROCATING COMPRESSOR', 'Built-in Stabilizer', '1 Year Warranty on Product and 10 Years Warranty on Compressor from LG']",https://www.flipkart.com/lg-190-l-direct-cool-single-door-3-star-refrigerator/p/itmb202054f27174?pid=RFRGFFSTJUMXXFSE&lid=LSTRFRGFFSTJUMXXFSEC2YTHQ&marketplace=FLIPKART&q=fridge&store=j9e%2Fabm%2Fhzg&srno=s_19_455&otracker=search&otracker1=search&fm=organic&iid=dd6be084-8e9d-48cf-af1e-3ae25433d5f9.RFRGFFSTJUMXXFSE.SEARCH&ppt=None&ppn=None&ssid=1im19w3qmo0000001667799465878&qH=2be977f3ff92dd10,2022-11-07 11:07:57.541532+05:30
NHYKZFM2,SAMSUNG 192 L Direct Cool Single Door 2 Star Refrigerator,15285,15990,4% off,20,1,4.2,"['Linear Compressor', 'Built-in Stabilizer', '1 Year on Product and 10 Years on Compressor From Samsung']",https://www.flipkart.com/samsung-192-l-direct-cool-single-door-2-star-refrigerator/p/itm721e11e38f8e0?pid=RFRFZKEUFFZ5B8GU&lid=LSTRFRFZKEUFFZ5B8GUY88IST&marketplace=FLIPKART&q=fridge&store=j9e%2Fabm%2Fhzg&srno=s_19_456&otracker=search&otracker1=search&fm=organic&iid=dd6be084-8e9d-48cf-af1e-3ae25433d5f9.RFRFZKEUFFZ5B8GU.SEARCH&ppt=None&ppn=None&ssid=1im19w3qmo0000001667799465878&qH=2be977f3ff92dd10,2022-11-07 11:07:58.268487+05:30
YLYR39T7,Whirlpool 190 L Direct Cool Single Door 2 Star Refrigerator,12990,15600,16% off,37835,3499,4.3,"['Normal Compressor', 'Built-in Stabilizer', '1 Year on Product and 10 Years on Compressor from Whirlpool']",https://www.flipkart.com/whirlpool-190-l-direct-cool-single-door-2-star-refrigerator/p/itmf6b4c3749b7e4?pid=RFRFZGFAGZUJTXWF&lid=LSTRFRFZGFAGZUJTXWFPDDAKA&marketplace=FLIPKART&q=fridge&store=j9e%2Fabm%2Fhzg&srno=s_20_457&otracker=search&otracker1=search&fm=organic&iid=en_H%2B%2Bp%2BKNqUc%2BoM%2FJ%2Bm08KlKJIfOqs75GFHTWApQOpTWkPCe0uVxaCMz0JCdvPNmxcUxBERcvvxLbebUgcQtk5mQ%3D%3D&ppt=None&ppn=None&ssid=sjxgg09fs00000001667799479366&qH=2be977f3ff92dd10,2022-11-07 11:07:59.166989+05:30
36I086WO,Whirlpool 240 L Frost Free Triple Door Refrigerator,27990,33250,15% off,30897,3819,4.4,"['Normal Compressor', 'Built-in Stabilizer', '1 Year Warranty on Product and 10 Years Warranty on Compressor from Whirlpool']",https://www.flipkart.com/whirlpool-240-l-frost-free-triple-door-refrigerator/p/itmf7z5vhfcxysvp?pid=RFRF3HZZZYTNKSCU&lid=LSTRFRF3HZZZYTNKSCUCOA9SO&marketplace=FLIPKART&q=fridge&store=j9e%2Fabm%2Fhzg&srno=s_20_458&otracker=search&otracker1=search&fm=organic&iid=en_H%2B%2Bp%2BKNqUc%2BoM%2FJ%2Bm08KlKJIfOqs75GFHTWApQOpTWkp1ob9%2FCHwy01hirDVRZ5i7Rfr5RUYhX0WhJqwxOQvSg%3D%3D&ppt=None&ppn=None&ssid=sjxgg09fs00000001667799479366&qH=2be977f3ff92dd10,2022-11-07 11:07:59.465902+05:30
P7G1OLKR,LG 260 L Frost Free Double Door Top Mount 2 Star Refrigerator,27949,32990,15% off,5,0,5,"['INVERTER COMPRESSOR', 'Built-in Stabilizer', '1 Year Warranty on Product and 10 Years on Compressor from LG']",https://www.flipkart.com/lg-260-l-frost-free-double-door-top-mount-2-star-refrigerator/p/itm705a8a61571bb?pid=RFRG4VMAFZ5HEYTT&lid=LSTRFRG4VMAFZ5HEYTTYHDQPI&marketplace=FLIPKART&q=fridge&store=j9e%2Fabm%2Fhzg&srno=s_20_459&otracker=search&otracker1=search&fm=organic&iid=7b57a14c-eeae-4006-82a4-3cdd90d8edcb.RFRG4VMAFZ5HEYTT.SEARCH&ppt=None&ppn=None&ssid=sjxgg09fs00000001667799479366&qH=2be977f3ff92dd10,2022-11-07 11:08:00.318486+05:30
LSSLYGEZ,Haier 190 L Direct Cool Single Door 2 Star Refrigerator,12999,17499,25% off,23,0,4.5,"['Reciprocatory Compressor', 'Built-in Stabilizer', '1 Year Warranty on Product and 5 Years Warranty on Compressor from Haier']",https://www.flipkart.com/haier-190-l-direct-cool-single-door-2-star-refrigerator/p/itmf0c0214797d6b?pid=RFRFPCJ85QUPSHN7&lid=LSTRFRFPCJ85QUPSHN7KGLGKF&marketplace=FLIPKART&q=fridge&store=j9e%2Fabm%2Fhzg&srno=s_20_460&otracker=search&otracker1=search&fm=organic&iid=7b57a14c-eeae-4006-82a4-3cdd90d8edcb.RFRFPCJ85QUPSHN7.SEARCH&ppt=None&ppn=None&ssid=sjxgg09fs00000001667799479366&qH=2be977f3ff92dd10,2022-11-07 11:08:00.607748+05:30
IIUF5HLM,Whirlpool 190 L Direct Cool Single Door 3 Star Refrigerator with Base Drawer,16340,20450,20% off,820,91,4.3,"['Non Inverter Compressor', 'Built-in Stabilizer', '1 Year on Product and 10 Years on Compressor from Whirlpool']",https://www.flipkart.com/whirlpool-190-l-direct-cool-single-door-3-star-refrigerator-base-drawer/p/itm495a967730b3c?pid=RFRG4XR6ZDXBEMZR&lid=LSTRFRG4XR6ZDXBEMZRXQJ2DZ&marketplace=FLIPKART&q=fridge&store=j9e%2Fabm%2Fhzg&srno=s_20_461&otracker=search&otracker1=search&fm=organic&iid=en_H%2B%2Bp%2BKNqUc%2BoM%2FJ%2Bm08KlKJIfOqs75GFHTWApQOpTWlYRwU1nYLZy8uCIMLlMXcdCik8178uFvOyLd%2F99yHoOg%3D%3D&ppt=None&ppn=None&ssid=sjxgg09fs00000001667799479366&qH=2be977f3ff92dd10,2022-11-07 11:08:00.896968+05:30
OUKH9FYC,Whirlpool 190 L Direct Cool Single Door 2 Star Refrigerator,13540,15900,14% off,37835,3499,4.3,"['Normal Compressor', 'Built-in Stabilizer', '1 Year on Product and 10 Years on Compressor from Whirlpool']",https://www.flipkart.com/whirlpool-190-l-direct-cool-single-door-2-star-refrigerator/p/itm23de1846cafca?pid=RFRFZGFANZJHN6SB&lid=LSTRFRFZGFANZJHN6SBRJ24IH&marketplace=FLIPKART&q=fridge&store=j9e%2Fabm%2Fhzg&srno=s_20_462&otracker=search&otracker1=search&fm=organic&iid=en_H%2B%2Bp%2BKNqUc%2BoM%2FJ%2Bm08KlKJIfOqs75GFHTWApQOpTWkdaJW7OFyY0rokAYbKvTTEfG1q4G8NhosLJpsjXdZLzg%3D%3D&ppt=None&ppn=None&ssid=sjxgg09fs00000001667799479366&qH=2be977f3ff92dd10,2022-11-07 11:08:01.201536+05:30
XOG182YQ,Whirlpool 190 L Direct Cool Single Door 4 Star Refrigerator  with Intellisense Inverter Compressor,16890,20850,18% off,13711,1437,4.3,"['DC Inverter Compressor', 'Built-in Stabilizer', '1 Year Comprehensive Warranty on Product and 9 Years Additional Warranty on Compressor']",https://www.flipkart.com/whirlpool-190-l-direct-cool-single-door-4-star-refrigerator-intellisense-inverter-compressor/p/itm3f4e8f66f29c2?pid=RFRGDGJG7XE7ZZCJ&lid=LSTRFRGDGJG7XE7ZZCJJR7BUO&marketplace=FLIPKART&q=fridge&store=j9e%2Fabm%2Fhzg&srno=s_20_463&otracker=search&otracker1=search&fm=organic&iid=7b57a14c-eeae-4006-82a4-3cdd90d8edcb.RFRGDGJG7XE7ZZCJ.SEARCH&ppt=None&ppn=None&ssid=sjxgg09fs00000001667799479366&qH=2be977f3ff92dd10,2022-11-07 11:08:01.502761+05:30
Z6EN79WD,Whirlpool 245 L Frost Free Double Door 2 Star Refrigerator,24000,27150,11% off,5267,568,4.3,"['Normal Compressor', 'Built-in Stabilizer', '1 Year Comprehensive on Product and 10 Years on Compressor From Whirlpool']",https://www.flipkart.com/whirlpool-245-l-frost-free-double-door-2-star-refrigerator/p/itm44f2e2dd0e5bd?pid=RFRFPZZ9HE4C3S4Z&lid=LSTRFRFPZZ9HE4C3S4ZEKAR8O&marketplace=FLIPKART&q=fridge&store=j9e%2Fabm%2Fhzg&srno=s_20_464&otracker=search&otracker1=search&fm=organic&iid=7b57a14c-eeae-4006-82a4-3cdd90d8edcb.RFRFPZZ9HE4C3S4Z.SEARCH&ppt=None&ppn=None&ssid=sjxgg09fs00000001667799479366&qH=2be977f3ff92dd10,2022-11-07 11:08:02.333630+05:30
6BFAG8M0,Lloyd 587 L Frost Free Side by Side Refrigerator,60490,89990,32% off,18,6,4.1,"['Inverter Compressor', 'Built-in Stabilizer', '1 Year on Product and 9 Years Additional on Compressor from Lloyd']",https://www.flipkart.com/lloyd-587-l-frost-free-side-refrigerator/p/itmae6950e3bb708?pid=RFRG6H9PYGJZHDXA&lid=LSTRFRG6H9PYGJZHDXAPG7NAC&marketplace=FLIPKART&q=fridge&store=j9e%2Fabm%2Fhzg&srno=s_20_465&otracker=search&otracker1=search&fm=organic&iid=7b57a14c-eeae-4006-82a4-3cdd90d8edcb.RFRG6H9PYGJZHDXA.SEARCH&ppt=None&ppn=None&ssid=sjxgg09fs00000001667799479366&qH=2be977f3ff92dd10,2022-11-07 11:08:03.142483+05:30
412I2CCI,Whirlpool 325 L Frost Free Double Door Bottom Mount 3 Star Convertible Refrigerator,42990,53350,19% off,59,9,4.2,"['Intellisense Inverter Compressor', 'Built-in Stabilizer', '1 Year Warranty on Product and 10 Years on Compressor']",https://www.flipkart.com/whirlpool-325-l-frost-free-double-door-bottom-mount-3-star-convertible-refrigerator/p/itm9b7b6c7bb73a1?pid=RFRFZYY7C8H4FSXB&lid=LSTRFRFZYY7C8H4FSXB0EH72D&marketplace=FLIPKART&q=fridge&store=j9e%2Fabm%2Fhzg&srno=s_20_466&otracker=search&otracker1=search&fm=organic&iid=7b57a14c-eeae-4006-82a4-3cdd90d8edcb.RFRFZYY7C8H4FSXB.SEARCH&ppt=None&ppn=None&ssid=sjxgg09fs00000001667799479366&qH=2be977f3ff92dd10,2022-11-07 11:08:04.182855+05:30
FXAC9J0M,Whirlpool 300 L Frost Free Triple Door Refrigerator,34390,43950,21% off,30897,3819,4.4,"['Normal Compressor', 'Built-in Stabilizer', '1 Year Warranty on Product and 10 Years on Compressor From Whirlpool']",https://www.flipkart.com/whirlpool-300-l-frost-free-triple-door-refrigerator/p/itmexbvqq3h9zyz2?pid=RFRDZEQ7FYQ5QTSN&lid=LSTRFRDZEQ7FYQ5QTSNHFAVDN&marketplace=FLIPKART&q=fridge&store=j9e%2Fabm%2Fhzg&srno=s_20_467&otracker=search&otracker1=search&fm=organic&iid=en_H%2B%2Bp%2BKNqUc%2BoM%2FJ%2Bm08KlKJIfOqs75GFHTWApQOpTWmb5C9PWvJb4AHVAdOEp5SmDo5XXw04e34i8rC9wk%2FwUA%3D%3D&ppt=None&ppn=None&ssid=sjxgg09fs00000001667799479366&qH=2be977f3ff92dd10,2022-11-07 11:08:04.502893+05:30
Y7ILMPBS,Whirlpool 190 L Direct Cool Single Door 3 Star Refrigerator with Base Drawer,16340,19500,16% off,444,34,4.3,"['Non Inverter Compressor', 'Built-in Stabilizer', '1 Year on Product and 10 Years on Compressor from Whirlpool']",https://www.flipkart.com/whirlpool-190-l-direct-cool-single-door-3-star-refrigerator-base-drawer/p/itmd625ad7498750?pid=RFRG4XR6FXK3XANH&lid=LSTRFRG4XR6FXK3XANH2QMZGI&marketplace=FLIPKART&q=fridge&store=j9e%2Fabm%2Fhzg&srno=s_20_468&otracker=search&otracker1=search&fm=organic&iid=en_H%2B%2Bp%2BKNqUc%2BoM%2FJ%2Bm08KlKJIfOqs75GFHTWApQOpTWnmu756HxBS8oRv%2FUtwhy4PMGzOfXGzGk9IKwrcXp9P4A%3D%3D&ppt=None&ppn=None&ssid=sjxgg09fs00000001667799479366&qH=2be977f3ff92dd10,2022-11-07 11:08:04.834287+05:30
O15ERMKY,SAMSUNG 198 L Direct Cool Single Door 5 Star Refrigerator with Base Drawer,19100,22990,16% off,1040,144,4.5,"['Digital Inverter Compressor', 'Built-in Stabilizer', '1 Year on Product and 10 Years on Compressor From Samsung']",https://www.flipkart.com/samsung-198-l-direct-cool-single-door-5-star-refrigerator-base-drawer/p/itm120badcb233ba?pid=RFRFZG7MH79W6TRN&lid=LSTRFRFZG7MH79W6TRNAXY1YK&marketplace=FLIPKART&q=fridge&store=j9e%2Fabm%2Fhzg&srno=s_20_469&otracker=search&otracker1=search&fm=organic&iid=7b57a14c-eeae-4006-82a4-3cdd90d8edcb.RFRFZG7MH79W6TRN.SEARCH&ppt=None&ppn=None&ssid=sjxgg09fs00000001667799479366&qH=2be977f3ff92dd10,2022-11-07 11:08:05.637870+05:30
VJC30CIS,Whirlpool 245 L Frost Free Double Door 2 Star Refrigerator,24390,30200,19% off,433,43,4.2,"['Reciprocating Compressor', '1 Year on Product and 10 Years on the Compressor from Whirlpool']",https://www.flipkart.com/whirlpool-245-l-frost-free-double-door-2-star-refrigerator/p/itm4209eebb975fd?pid=RFRFYV7ZYGXAU4TB&lid=LSTRFRFYV7ZYGXAU4TBBMEFEM&marketplace=FLIPKART&q=fridge&store=j9e%2Fabm%2Fhzg&srno=s_20_470&otracker=search&otracker1=search&fm=organic&iid=7b57a14c-eeae-4006-82a4-3cdd90d8edcb.RFRFYV7ZYGXAU4TB.SEARCH&ppt=None&ppn=None&ssid=sjxgg09fs00000001667799479366&qH=2be977f3ff92dd10,2022-11-07 11:08:05.990970+05:30
FLJNW7F4,Whirlpool 190 L Direct Cool Single Door 2 Star Refrigerator,13540,16500,17% off,37835,3499,4.3,"['Normal Compressor', 'Built-in Stabilizer', '1 Year on Product and 10 Years on Compressor from Whirlpool']",https://www.flipkart.com/whirlpool-190-l-direct-cool-single-door-2-star-refrigerator/p/itm823c53fcf0200?pid=RFRFZGFADYS3UTBG&lid=LSTRFRFZGFADYS3UTBGFVSNUE&marketplace=FLIPKART&q=fridge&store=j9e%2Fabm%2Fhzg&srno=s_20_471&otracker=search&otracker1=search&fm=organic&iid=en_H%2B%2Bp%2BKNqUc%2BoM%2FJ%2Bm08KlKJIfOqs75GFHTWApQOpTWkKn4oPf8QYUJTfrmqzLDCe6VmDAgCf6DMckC1h3ZnRZg%3D%3D&ppt=None&ppn=None&ssid=sjxgg09fs00000001667799479366&qH=2be977f3ff92dd10,2022-11-07 11:08:06.293502+05:30
B5Y0TCI0,Whirlpool 190 L Direct Cool Single Door 3 Star Refrigerator,15340,18000,14% off,622,47,4.3,"['Non Inverter Compressor', 'Built-in Stabilizer', '1 Year on Product and 10 Years on Compressor from Whirlpool']",https://www.flipkart.com/whirlpool-190-l-direct-cool-single-door-3-star-refrigerator/p/itmc4870feb17803?pid=RFRG4XR689KTY9QT&lid=LSTRFRG4XR689KTY9QTJUWMVD&marketplace=FLIPKART&q=fridge&store=j9e%2Fabm%2Fhzg&srno=s_20_472&otracker=search&otracker1=search&fm=organic&iid=en_H%2B%2Bp%2BKNqUc%2BoM%2FJ%2Bm08KlKJIfOqs75GFHTWApQOpTWloWb8iKPg1ZKipma3f%2BweaSnPWXWX2eFur1r0QMwaKtQ%3D%3D&ppt=None&ppn=None&ssid=sjxgg09fs00000001667799479366&qH=2be977f3ff92dd10,2022-11-07 11:08:06.593395+05:30
78884GDQ,LG 190 L Direct Cool Single Door 1 Star Refrigerator,14740,17299,14% off,0,0,0,"['RECIPROCATING COMPRESSOR', 'Built-in Stabilizer', '1 Year on Refrigerator Unit and 5 Years on Compressor from LG']",https://www.flipkart.com/lg-190-l-direct-cool-single-door-1-star-refrigerator/p/itme61a28faf6b59?pid=RFRGDHG9PGCH8ACT&lid=LSTRFRGDHG9PGCH8ACTLEUMAW&marketplace=FLIPKART&q=fridge&store=j9e%2Fabm%2Fhzg&srno=s_20_473&otracker=search&otracker1=search&fm=organic&iid=7b57a14c-eeae-4006-82a4-3cdd90d8edcb.RFRGDHG9PGCH8ACT.SEARCH&ppt=None&ppn=None&ssid=sjxgg09fs00000001667799479366&qH=2be977f3ff92dd10,2022-11-07 11:08:06.972441+05:30
BOI8BU3W,SAMSUNG 321 L Frost Free Double Door 3 Star Refrigerator,29990,35900,16% off,821,123,4.4,"['Digital Inverter Technology Compressor', 'Built-in Stabilizer', '1 Year Warranty on Product and 10 Years Warranty on Compressor from Samsung']",https://www.flipkart.com/samsung-321-l-frost-free-double-door-3-star-refrigerator/p/itmeth97hhwhhvzc?pid=RFRETH97DFBXHGGU&lid=LSTRFRETH97DFBXHGGUEWPGF6&marketplace=FLIPKART&q=fridge&store=j9e%2Fabm%2Fhzg&srno=s_20_474&otracker=search&otracker1=search&fm=organic&iid=7b57a14c-eeae-4006-82a4-3cdd90d8edcb.RFRETH97DFBXHGGU.SEARCH&ppt=None&ppn=None&ssid=sjxgg09fs00000001667799479366&qH=2be977f3ff92dd10,2022-11-07 11:08:07.733524+05:30
E7AWL42T,Whirlpool 190 L Direct Cool Single Door 2 Star Refrigerator,15499,19850,21% off,0,0,0,"['DC Inverter Compressor', 'Built-in Stabilizer', '1 Year on Product and 10 Years on Compressor From Whirlpool']",https://www.flipkart.com/whirlpool-190-l-direct-cool-single-door-2-star-refrigerator/p/itmdc47fbabf1a11?pid=RFRGEXSQ6CZQKCEF&lid=LSTRFRGEXSQ6CZQKCEF57BUS0&marketplace=FLIPKART&q=fridge&store=j9e%2Fabm%2Fhzg&srno=s_20_475&otracker=search&otracker1=search&fm=organic&iid=7b57a14c-eeae-4006-82a4-3cdd90d8edcb.RFRGEXSQ6CZQKCEF.SEARCH&ppt=None&ppn=None&ssid=sjxgg09fs00000001667799479366&qH=2be977f3ff92dd10,2022-11-07 11:08:08.440785+05:30
MAFJ3VXX,LG 235 L Frost Free Single Door 3 Star Refrigerator with Base Drawer,20999,29990,29% off,0,0,0,"['Inverter', 'Built-in Stabilizer', '1 Year Warranty on Product and 10 Years on Compressor from LG']",https://www.flipkart.com/lg-235-l-frost-free-single-door-3-star-refrigerator-base-drawer/p/itma1d56fbe4318d?pid=RFRGH7WN6KFG5GBN&lid=LSTRFRGH7WN6KFG5GBNP1TVA1&marketplace=FLIPKART&q=fridge&store=j9e%2Fabm%2Fhzg&srno=s_20_476&otracker=search&otracker1=search&fm=organic&iid=7b57a14c-eeae-4006-82a4-3cdd90d8edcb.RFRGH7WN6KFG5GBN.SEARCH&ppt=None&ppn=None&ssid=sjxgg09fs00000001667799479366&qH=2be977f3ff92dd10,2022-11-07 11:08:08.843135+05:30
YED16D27,Whirlpool 190 L Direct Cool Single Door 3 Star Refrigerator,15340,17600,12% off,1327,122,4.2,"['Non Inverter Compressor', 'Built-in Stabilizer', '1 Year on Product and 10 Years on Compressor from Whirlpool']",https://www.flipkart.com/whirlpool-190-l-direct-cool-single-door-3-star-refrigerator/p/itm600cc6ce9ae49?pid=RFRG4XR6QNSM6X5H&lid=LSTRFRG4XR6QNSM6X5HUWM1ZO&marketplace=FLIPKART&q=fridge&store=j9e%2Fabm%2Fhzg&srno=s_20_477&otracker=search&otracker1=search&fm=organic&iid=en_H%2B%2Bp%2BKNqUc%2BoM%2FJ%2Bm08KlKJIfOqs75GFHTWApQOpTWmpWGbGsdueodpyWz0QjBvC3RgyFZzsE5Uq1sCzOjbMWg%3D%3D&ppt=None&ppn=None&ssid=sjxgg09fs00000001667799479366&qH=2be977f3ff92dd10,2022-11-07 11:08:09.132712+05:30
UFQIE8BX,Whirlpool 190 L Direct Cool Single Door 3 Star Refrigerator,14640,17000,13% off,37835,3499,4.3,"['Normal Compressor', 'Built-in Stabilizer', '1 Year on Product and 10 Years on Compressor from Whirlpool']",https://www.flipkart.com/whirlpool-190-l-direct-cool-single-door-3-star-refrigerator/p/itmafa0a476dffe1?pid=RFRFZGFAHQ7VQXZF&lid=LSTRFRFZGFAHQ7VQXZFLUB4OV&marketplace=FLIPKART&q=fridge&store=j9e%2Fabm%2Fhzg&srno=s_20_478&otracker=search&otracker1=search&fm=organic&iid=en_H%2B%2Bp%2BKNqUc%2BoM%2FJ%2Bm08KlKJIfOqs75GFHTWApQOpTWm0DAg7G333GQ4aR3y9Iwp2ZZHikuLs61%2BJy0ccFBS1Fg%3D%3D&ppt=None&ppn=None&ssid=sjxgg09fs00000001667799479366&qH=2be977f3ff92dd10,2022-11-07 11:08:09.431368+05:30
04VPVTBS,Whirlpool 280 L Direct Cool Single Door 3 Star Refrigerator  with Auto Defrost,23104,26990,14% off,61,6,4,"['Non Inverter Compressor', 'Built-in Stabilizer', '1 Year Warranty on Product and 10 Years on Compressor']",https://www.flipkart.com/whirlpool-280-l-direct-cool-single-door-3-star-refrigerator-auto-defrost/p/itmcd5f36223a21e?pid=RFRFV9YQUGCPMS3H&lid=LSTRFRFV9YQUGCPMS3HRPEJMP&marketplace=FLIPKART&q=fridge&store=j9e%2Fabm%2Fhzg&srno=s_20_479&otracker=search&otracker1=search&fm=organic&iid=7b57a14c-eeae-4006-82a4-3cdd90d8edcb.RFRFV9YQUGCPMS3H.SEARCH&ppt=None&ppn=None&ssid=sjxgg09fs00000001667799479366&qH=2be977f3ff92dd10,2022-11-07 11:08:11.133472+05:30
8PAPO0ES,Haier 258 L Frost Free Double Door Top Mount 2 Star Convertible Refrigerator,26890,36800,26% off,7680,809,4.4,"['Reciprocating Compressor', 'Built-in Stabilizer', '1 Year On Product and 10 Years on Compressor from Haier']",https://www.flipkart.com/haier-258-l-frost-free-double-door-top-mount-2-star-convertible-refrigerator/p/itmeab2c7b0df79f?pid=RFRFZFHUQJKDMFVF&lid=LSTRFRFZFHUQJKDMFVF8B1MAM&marketplace=FLIPKART&q=fridge&store=j9e%2Fabm%2Fhzg&srno=s_20_480&otracker=search&otracker1=search&fm=organic&iid=7b57a14c-eeae-4006-82a4-3cdd90d8edcb.RFRFZFHUQJKDMFVF.SEARCH&ppt=None&ppn=None&ssid=sjxgg09fs00000001667799479366&qH=2be977f3ff92dd10,2022-11-07 11:08:11.906883+05:30
LFLVKBX1,Whirlpool 190 L Direct Cool Single Door 2 Star Refrigerator,12990,15600,16% off,37835,3499,4.3,"['Normal Compressor', 'Built-in Stabilizer', '1 Year on Product and 10 Years on Compressor from Whirlpool']",https://www.flipkart.com/whirlpool-190-l-direct-cool-single-door-2-star-refrigerator/p/itmf6b4c3749b7e4?pid=RFRFZGFAGZUJTXWF&lid=LSTRFRFZGFAGZUJTXWFPDDAKA&marketplace=FLIPKART&q=fridge&store=j9e%2Fabm%2Fhzg&srno=s_21_481&otracker=search&otracker1=search&fm=organic&iid=en_sqP34yQdBiSXNGDxVghZv9OqyyK8ZPd%2FgNYTSlkqqe2uyNLC8elhXS%2FiDxJWclIPUxBERcvvxLbebUgcQtk5mQ%3D%3D&ppt=None&ppn=None&ssid=926qmd9jgg0000001667799493094&qH=2be977f3ff92dd10,2022-11-07 11:08:12.933466+05:30
AXRGZRHD,Whirlpool 190 L Direct Cool Single Door 3 Star Refrigerator with Base Drawer,16340,20450,20% off,820,91,4.3,"['Non Inverter Compressor', 'Built-in Stabilizer', '1 Year on Product and 10 Years on Compressor from Whirlpool']",https://www.flipkart.com/whirlpool-190-l-direct-cool-single-door-3-star-refrigerator-base-drawer/p/itm495a967730b3c?pid=RFRG4XR6ZDXBEMZR&lid=LSTRFRG4XR6ZDXBEMZRXQJ2DZ&marketplace=FLIPKART&q=fridge&store=j9e%2Fabm%2Fhzg&srno=s_21_482&otracker=search&otracker1=search&fm=organic&iid=en_sqP34yQdBiSXNGDxVghZv9OqyyK8ZPd%2FgNYTSlkqqe02nDxrrtQgI7wWcTPBQM8oCik8178uFvOyLd%2F99yHoOg%3D%3D&ppt=None&ppn=None&ssid=926qmd9jgg0000001667799493094&qH=2be977f3ff92dd10,2022-11-07 11:08:13.241243+05:30
0VG7CBG0,Liebherr 472 L Frost Free Double Door Top Mount 2 Star Refrigerator,59160,74320,20% off,7,2,4.3,"['Nextgen 8 Step Inverter Compressor', 'Built-in Stabilizer', '1 Year Warranty on Product  and 10 Years on Compressor']",https://www.flipkart.com/liebherr-472-l-frost-free-double-door-top-mount-2-star-refrigerator/p/itm07da4bf68d941?pid=RFRG4ZQHPZDQQA5C&lid=LSTRFRG4ZQHPZDQQA5COW7XEE&marketplace=FLIPKART&q=fridge&store=j9e%2Fabm%2Fhzg&srno=s_21_483&otracker=search&otracker1=search&fm=organic&iid=cbe9a47a-2c79-4d28-adcf-02a228323f98.RFRG4ZQHPZDQQA5C.SEARCH&ppt=None&ppn=None&ssid=926qmd9jgg0000001667799493094&qH=2be977f3ff92dd10,2022-11-07 11:08:14.080785+05:30
QPQ7M33H,LG 283 L Frost Free Double Door 2 Star Convertible Refrigerator,28640,36090,20% off,15,2,3.9,"['Smart Inverter Compressor', 'Built-in Stabilizer', '1 y Manufacturer Warranty']",https://www.flipkart.com/lg-283-l-frost-free-double-door-2-star-convertible-refrigerator/p/itm155cab456e8d8?pid=RFRG727EUJXSCZBG&lid=LSTRFRG727EUJXSCZBGNJI1DI&marketplace=FLIPKART&q=fridge&store=j9e%2Fabm%2Fhzg&srno=s_21_484&otracker=search&otracker1=search&fm=organic&iid=cbe9a47a-2c79-4d28-adcf-02a228323f98.RFRG727EUJXSCZBG.SEARCH&ppt=None&ppn=None&ssid=926qmd9jgg0000001667799493094&qH=2be977f3ff92dd10,2022-11-07 11:08:14.553675+05:30
6OUIL8QQ,LG 215 L Direct Cool Single Door 3 Star Refrigerator,18699,24499,23% off,0,0,0,"['Smart Inverter Compressor', 'Built-in Stabilizer', '1 Year Warranty on Unit and 10 Years Warranty on Compressor from LG']",https://www.flipkart.com/lg-215-l-direct-cool-single-door-3-star-refrigerator/p/itm0ac6586d2fc06?pid=RFRG9TGZT9XQCFYY&lid=LSTRFRG9TGZT9XQCFYYROMZCB&marketplace=FLIPKART&q=fridge&store=j9e%2Fabm%2Fhzg&srno=s_21_485&otracker=search&otracker1=search&fm=organic&iid=cbe9a47a-2c79-4d28-adcf-02a228323f98.RFRG9TGZT9XQCFYY.SEARCH&ppt=None&ppn=None&ssid=926qmd9jgg0000001667799493094&qH=2be977f3ff92dd10,2022-11-07 11:08:14.849533+05:30
HBOUJTBL,SAMSUNG 336 L Frost Free Double Door 2 Star Refrigerator  with Curd Maestro,42590,45990,7% off,6,1,4.7,"['Digital Inverter Compressor', 'Built-in Stabilizer', '1 Year Warranty on Product and 10 Years on Compressor']",https://www.flipkart.com/samsung-336-l-frost-free-double-door-2-star-refrigerator-curd-maestro/p/itm125e65ab76f64?pid=RFRFZGJCJCGYCVF8&lid=LSTRFRFZGJCJCGYCVF8BIHQQN&marketplace=FLIPKART&q=fridge&store=j9e%2Fabm%2Fhzg&srno=s_21_486&otracker=search&otracker1=search&fm=organic&iid=cbe9a47a-2c79-4d28-adcf-02a228323f98.RFRFZGJCJCGYCVF8.SEARCH&ppt=None&ppn=None&ssid=926qmd9jgg0000001667799493094&qH=2be977f3ff92dd10,2022-11-07 11:08:16.006073+05:30
GCHGXW64,Whirlpool 190 L Direct Cool Single Door 2 Star Refrigerator,13540,15900,14% off,37835,3499,4.3,"['Normal Compressor', 'Built-in Stabilizer', '1 Year on Product and 10 Years on Compressor from Whirlpool']",https://www.flipkart.com/whirlpool-190-l-direct-cool-single-door-2-star-refrigerator/p/itm23de1846cafca?pid=RFRFZGFANZJHN6SB&lid=LSTRFRFZGFANZJHN6SBRJ24IH&marketplace=FLIPKART&q=fridge&store=j9e%2Fabm%2Fhzg&srno=s_21_487&otracker=search&otracker1=search&fm=organic&iid=en_sqP34yQdBiSXNGDxVghZv9OqyyK8ZPd%2FgNYTSlkqqe105h2I8JrGFremZpQi6uh%2FfG1q4G8NhosLJpsjXdZLzg%3D%3D&ppt=None&ppn=None&ssid=926qmd9jgg0000001667799493094&qH=2be977f3ff92dd10,2022-11-07 11:08:16.310987+05:30
4Y20WBVW,Whirlpool 190 L Direct Cool Single Door 3 Star Refrigerator with Base Drawer,16340,19500,16% off,444,34,4.3,"['Non Inverter Compressor', 'Built-in Stabilizer', '1 Year on Product and 10 Years on Compressor from Whirlpool']",https://www.flipkart.com/whirlpool-190-l-direct-cool-single-door-3-star-refrigerator-base-drawer/p/itmd625ad7498750?pid=RFRG4XR6FXK3XANH&lid=LSTRFRG4XR6FXK3XANH2QMZGI&marketplace=FLIPKART&q=fridge&store=j9e%2Fabm%2Fhzg&srno=s_21_488&otracker=search&otracker1=search&fm=organic&iid=en_sqP34yQdBiSXNGDxVghZv9OqyyK8ZPd%2FgNYTSlkqqe17RsusfgmuriGUA7wkiMPeMGzOfXGzGk9IKwrcXp9P4A%3D%3D&ppt=None&ppn=None&ssid=926qmd9jgg0000001667799493094&qH=2be977f3ff92dd10,2022-11-07 11:08:16.614488+05:30
PKK6HD46,LG 674 L Frost Free Side by Side Refrigerator  with Inverter Linear ThinQ (Wi-fi) InstaView Door-in-Do...,181990,221899,17% off,0,0,0,"['Inverter Linear Compressor', 'Built-in Stabilizer', '1 Year Warranty on Product and 10 Years Warranty on Compressor']",https://www.flipkart.com/lg-674-l-frost-free-side-refrigerator-inverter-linear-thinq-wi-fi-instaview-door-in-door-door-cooling-hygiene-fresh-water-ice-dispenser-uv-nano/p/itm647ae25af7398?pid=RFRGFGJQMAJBVHCT&lid=LSTRFRGFGJQMAJBVHCTC3V6WV&marketplace=FLIPKART&q=fridge&store=j9e%2Fabm%2Fhzg&srno=s_21_489&otracker=search&otracker1=search&fm=organic&iid=cbe9a47a-2c79-4d28-adcf-02a228323f98.RFRGFGJQMAJBVHCT.SEARCH&ppt=None&ppn=None&ssid=926qmd9jgg0000001667799493094&qH=2be977f3ff92dd10,2022-11-07 11:08:16.961634+05:30
OSHOK7ZV,LG 235 L Direct Cool Single Door 3 Star Refrigerator with Base Drawer,21990,27190,19% off,6,1,4.2,"['Smart Inverter Compressor', 'Built-in Stabilizer', '1 Year Warranty on Product and 10 Years on Compressor from LG']",https://www.flipkart.com/lg-235-l-direct-cool-single-door-3-star-refrigerator-base-drawer/p/itm5ec7194a50350?pid=RFRG5J3GWZTA769P&lid=LSTRFRG5J3GWZTA769PPG7GZW&marketplace=FLIPKART&q=fridge&store=j9e%2Fabm%2Fhzg&srno=s_21_490&otracker=search&otracker1=search&fm=organic&iid=cbe9a47a-2c79-4d28-adcf-02a228323f98.RFRG5J3GWZTA769P.SEARCH&ppt=None&ppn=None&ssid=926qmd9jgg0000001667799493094&qH=2be977f3ff92dd10,2022-11-07 11:08:17.320564+05:30
6ODKVSRU,Whirlpool 190 L Direct Cool Single Door 2 Star Refrigerator,13540,16500,17% off,37835,3499,4.3,"['Normal Compressor', 'Built-in Stabilizer', '1 Year on Product and 10 Years on Compressor from Whirlpool']",https://www.flipkart.com/whirlpool-190-l-direct-cool-single-door-2-star-refrigerator/p/itm823c53fcf0200?pid=RFRFZGFADYS3UTBG&lid=LSTRFRFZGFADYS3UTBGFVSNUE&marketplace=FLIPKART&q=fridge&store=j9e%2Fabm%2Fhzg&srno=s_21_491&otracker=search&otracker1=search&fm=organic&iid=en_sqP34yQdBiSXNGDxVghZv9OqyyK8ZPd%2FgNYTSlkqqe37Er1q%2B%2Fwz6bVdc0USskCN6VmDAgCf6DMckC1h3ZnRZg%3D%3D&ppt=None&ppn=None&ssid=926qmd9jgg0000001667799493094&qH=2be977f3ff92dd10,2022-11-07 11:08:17.618389+05:30
SCWHH4OI,Whirlpool 190 L Direct Cool Single Door 3 Star Refrigerator,15340,18000,14% off,622,47,4.3,"['Non Inverter Compressor', 'Built-in Stabilizer', '1 Year on Product and 10 Years on Compressor from Whirlpool']",https://www.flipkart.com/whirlpool-190-l-direct-cool-single-door-3-star-refrigerator/p/itmc4870feb17803?pid=RFRG4XR689KTY9QT&lid=LSTRFRG4XR689KTY9QTJUWMVD&marketplace=FLIPKART&q=fridge&store=j9e%2Fabm%2Fhzg&srno=s_21_492&otracker=search&otracker1=search&fm=organic&iid=en_sqP34yQdBiSXNGDxVghZv9OqyyK8ZPd%2FgNYTSlkqqe2T5KLMq7x7oHUIGu7KKLAGSnPWXWX2eFur1r0QMwaKtQ%3D%3D&ppt=None&ppn=None&ssid=926qmd9jgg0000001667799493094&qH=2be977f3ff92dd10,2022-11-07 11:08:18.108037+05:30
2KU1KL60,BOSCH 290 L Frost Free Double Door Top Mount 3 Star Convertible Refrigerator,31990,45190,29% off,197,33,4.5,"['Vario Inverter Compressor', 'Built-in Stabilizer', '1 Year on Product and 10 Years on Compressor from Bosch']",https://www.flipkart.com/bosch-290-l-frost-free-double-door-top-mount-3-star-convertible-refrigerator/p/itm9307689475d4a?pid=RFRGAPHTN4XZZXED&lid=LSTRFRGAPHTN4XZZXEDTLUPEO&marketplace=FLIPKART&q=fridge&store=j9e%2Fabm%2Fhzg&srno=s_21_493&otracker=search&otracker1=search&fm=organic&iid=cbe9a47a-2c79-4d28-adcf-02a228323f98.RFRGAPHTN4XZZXED.SEARCH&ppt=None&ppn=None&ssid=926qmd9jgg0000001667799493094&qH=2be977f3ff92dd10,2022-11-07 11:08:18.531877+05:30
VSQN0Q3G,LG 235 L Direct Cool Single Door 3 Star Refrigerator with Base Drawer,27817,27899,0,0,0,0,"['Conventional Compressor', 'Built-in Stabilizer', '1 Year Warranty on Product and 10 Years Warranty on Compressor from LG']",https://www.flipkart.com/lg-235-l-direct-cool-single-door-3-star-refrigerator-base-drawer/p/itm6a426f36becfa?pid=RFRGGBY5J8DB2GGS&lid=LSTRFRGGBY5J8DB2GGSQ2KCST&marketplace=FLIPKART&q=fridge&store=j9e%2Fabm%2Fhzg&srno=s_21_494&otracker=search&otracker1=search&fm=organic&iid=cbe9a47a-2c79-4d28-adcf-02a228323f98.RFRGGBY5J8DB2GGS.SEARCH&ppt=None&ppn=None&ssid=926qmd9jgg0000001667799493094&qH=2be977f3ff92dd10,2022-11-07 11:08:18.851203+05:30
IF7P62BI,LG 308 L Frost Free Double Door Top Mount 3 Star Convertible Refrigerator,36890,42690,13% off,68,12,4.4,"['Smart Inverter Compressor', 'Built-in Stabilizer', '1 Year Warranty on Product and 10 Years on Compressor']",https://www.flipkart.com/lg-308-l-frost-free-double-door-top-mount-3-star-convertible-refrigerator/p/itm7fdef89dbac1f?pid=RFRGYRZDUVATQFFJ&lid=LSTRFRGYRZDUVATQFFJBQCZUR&marketplace=FLIPKART&q=fridge&store=j9e%2Fabm%2Fhzg&srno=s_21_495&otracker=search&otracker1=search&fm=organic&iid=cbe9a47a-2c79-4d28-adcf-02a228323f98.RFRGYRZDUVATQFFJ.SEARCH&ppt=None&ppn=None&ssid=926qmd9jgg0000001667799493094&qH=2be977f3ff92dd10,2022-11-07 11:08:19.158252+05:30
OHCSU0MG,Liebherr 350 L Frost Free Double Door Top Mount 2 Star Refrigerator,48490,64000,24% off,9,1,4.3,"['Nextgen 8 Step Inverter Compressor', 'Built-in Stabilizer', '1 Year Warranty on Product  and 10 Years on Compressor']",https://www.flipkart.com/liebherr-350-l-frost-free-double-door-top-mount-2-star-refrigerator/p/itme4a1c1670d9c3?pid=RFRG4ZQHGYQNHHPR&lid=LSTRFRG4ZQHGYQNHHPRSGTMFE&marketplace=FLIPKART&q=fridge&store=j9e%2Fabm%2Fhzg&srno=s_21_496&otracker=search&otracker1=search&fm=organic&iid=cbe9a47a-2c79-4d28-adcf-02a228323f98.RFRG4ZQHGYQNHHPR.SEARCH&ppt=None&ppn=None&ssid=926qmd9jgg0000001667799493094&qH=2be977f3ff92dd10,2022-11-07 11:08:19.937002+05:30
0RRY5504,Whirlpool 190 L Direct Cool Single Door 3 Star Refrigerator,15340,17600,12% off,1327,122,4.2,"['Non Inverter Compressor', 'Built-in Stabilizer', '1 Year on Product and 10 Years on Compressor from Whirlpool']",https://www.flipkart.com/whirlpool-190-l-direct-cool-single-door-3-star-refrigerator/p/itm600cc6ce9ae49?pid=RFRG4XR6QNSM6X5H&lid=LSTRFRG4XR6QNSM6X5HUWM1ZO&marketplace=FLIPKART&q=fridge&store=j9e%2Fabm%2Fhzg&srno=s_21_497&otracker=search&otracker1=search&fm=organic&iid=en_sqP34yQdBiSXNGDxVghZv9OqyyK8ZPd%2FgNYTSlkqqe1Q2jIqSRz6JAorO%2BxkGkSX3RgyFZzsE5Uq1sCzOjbMWg%3D%3D&ppt=None&ppn=None&ssid=926qmd9jgg0000001667799493094&qH=2be977f3ff92dd10,2022-11-07 11:08:20.240345+05:30
DAI0ISRZ,Whirlpool 190 L Direct Cool Single Door 3 Star Refrigerator,14640,17000,13% off,37835,3499,4.3,"['Normal Compressor', 'Built-in Stabilizer', '1 Year on Product and 10 Years on Compressor from Whirlpool']",https://www.flipkart.com/whirlpool-190-l-direct-cool-single-door-3-star-refrigerator/p/itmafa0a476dffe1?pid=RFRFZGFAHQ7VQXZF&lid=LSTRFRFZGFAHQ7VQXZFLUB4OV&marketplace=FLIPKART&q=fridge&store=j9e%2Fabm%2Fhzg&srno=s_21_498&otracker=search&otracker1=search&fm=organic&iid=en_sqP34yQdBiSXNGDxVghZv9OqyyK8ZPd%2FgNYTSlkqqe07m3N%2BHUm%2BlrjDRPLvZVaQ9id%2Byr2a%2Frjl%2FtNWn3LZxQ%3D%3D&ppt=None&ppn=None&ssid=926qmd9jgg0000001667799493094&qH=2be977f3ff92dd10,2022-11-07 11:08:20.565401+05:30
ZJK5JFW4,LG 308 L Frost Free Double Door 2 Star Convertible Refrigerator,32069,43899,26% off,5,1,4.6,"['Smart Inverter Compressor', 'Built-in Stabilizer', '1 Year Warranty on Product and 10 Years on Compressor from LG']",https://www.flipkart.com/lg-308-l-frost-free-double-door-2-star-convertible-refrigerator/p/itm1a33a9f1d59c7?pid=RFRG6GHVYRYKYWGB&lid=LSTRFRG6GHVYRYKYWGB1GFKGS&marketplace=FLIPKART&q=fridge&store=j9e%2Fabm%2Fhzg&srno=s_21_499&otracker=search&otracker1=search&fm=organic&iid=cbe9a47a-2c79-4d28-adcf-02a228323f98.RFRG6GHVYRYKYWGB.SEARCH&ppt=None&ppn=None&ssid=926qmd9jgg0000001667799493094&qH=2be977f3ff92dd10,2022-11-07 11:08:21.006875+05:30
S0EBG791,Whirlpool 245 L Frost Free Double Door 2 Star Refrigerator,25999,27150,4% off,13,2,4.7,"['Digital Inverter', 'Built-in Stabilizer', '1 Year on Product and 10 Years on Compressor From Whirlpool']",https://www.flipkart.com/whirlpool-245-l-frost-free-double-door-2-star-refrigerator/p/itmff5f8ccdeac53?pid=RFRFQHMSUNQDF9NX&lid=LSTRFRFQHMSUNQDF9NX9HMPYP&marketplace=FLIPKART&q=fridge&store=j9e%2Fabm%2Fhzg&srno=s_21_500&otracker=search&otracker1=search&fm=organic&iid=cbe9a47a-2c79-4d28-adcf-02a228323f98.RFRFQHMSUNQDF9NX.SEARCH&ppt=None&ppn=None&ssid=926qmd9jgg0000001667799493094&qH=2be977f3ff92dd10,2022-11-07 11:08:21.780481+05:30
871DRIX1,Whirlpool 190 L Direct Cool Single Door 3 Star Refrigerator,14640,18700,21% off,37835,3499,4.3,"['Normal Compressor', 'Built-in Stabilizer', '1 Year on Product and 10 Years on Compressor from Whirlpool']",https://www.flipkart.com/whirlpool-190-l-direct-cool-single-door-3-star-refrigerator/p/itm94a1658747a65?pid=RFRFZGFAFJAANRWP&lid=LSTRFRFZGFAFJAANRWPKN0PYK&marketplace=FLIPKART&q=fridge&store=j9e%2Fabm%2Fhzg&srno=s_21_501&otracker=search&otracker1=search&fm=organic&iid=en_sqP34yQdBiSXNGDxVghZv9OqyyK8ZPd%2FgNYTSlkqqe1DxIw6P4LkfeG3si7ODybnQ99ZbiOJ%2Bg96C1A41aEjrQ%3D%3D&ppt=None&ppn=None&ssid=926qmd9jgg0000001667799493094&qH=2be977f3ff92dd10,2022-11-07 11:08:22.076484+05:30
7TBQHWBW,Whirlpool 190 L Direct Cool Single Door 3 Star Refrigerator,14000,18700,25% off,37835,3499,4.3,"['Normal Compressor', 'Built-in Stabilizer', '1 Year on Product and 10 Years on Compressor from Whirlpool']",https://www.flipkart.com/whirlpool-190-l-direct-cool-single-door-3-star-refrigerator/p/itmf8e85786b09ef?pid=RFRFZGFAMXNUREWN&lid=LSTRFRFZGFAMXNUREWN3V8KEL&marketplace=FLIPKART&q=fridge&store=j9e%2Fabm%2Fhzg&srno=s_21_502&otracker=search&otracker1=search&fm=organic&iid=en_sqP34yQdBiSXNGDxVghZv9OqyyK8ZPd%2FgNYTSlkqqe2gr%2FibkY6OQea1GfLFkrQyMS96o%2BR53YD60lqIk4fxYw%3D%3D&ppt=None&ppn=None&ssid=926qmd9jgg0000001667799493094&qH=2be977f3ff92dd10,2022-11-07 11:08:22.377461+05:30
8EUKCL1R,LG 190 L Direct Cool Single Door 1 Star Refrigerator,16118,16990,5% off,0,0,0,"['RECIPROCATING COMPRESSOR', 'Built-in Stabilizer', '1 Year on Refrigerator Unit and 5 Years on Compressor from LG']",https://www.flipkart.com/lg-190-l-direct-cool-single-door-1-star-refrigerator/p/itma33e705b6ad0e?pid=RFRGCFHKNKHZVURY&lid=LSTRFRGCFHKNKHZVURYUZCUE0&marketplace=FLIPKART&q=fridge&store=j9e%2Fabm%2Fhzg&srno=s_21_503&otracker=search&otracker1=search&fm=organic&iid=cbe9a47a-2c79-4d28-adcf-02a228323f98.RFRGCFHKNKHZVURY.SEARCH&ppt=None&ppn=None&ssid=926qmd9jgg0000001667799493094&qH=2be977f3ff92dd10,2022-11-07 11:08:23.234283+05:30
H0AID9OX,LG 260 L Frost Free Double Door 2 Star Refrigerator,25999,27590,5% off,10,2,4,"['Smart Inverter Compressor', 'Built-in Stabilizer', '1 Year Warranty on Product and 10 Years Warranty on Compressor from LG']",https://www.flipkart.com/lg-260-l-frost-free-double-door-2-star-refrigerator/p/itmbbf6897ed9057?pid=RFRFPHH7Q9QGXZAF&lid=LSTRFRFPHH7Q9QGXZAFA0XEPK&marketplace=FLIPKART&q=fridge&store=j9e%2Fabm%2Fhzg&srno=s_21_504&otracker=search&otracker1=search&fm=organic&iid=cbe9a47a-2c79-4d28-adcf-02a228323f98.RFRFPHH7Q9QGXZAF.SEARCH&ppt=None&ppn=None&ssid=926qmd9jgg0000001667799493094&qH=2be977f3ff92dd10,2022-11-07 11:08:23.593478+05:30
HFJ6WO2C,SAMSUNG 465 L Frost Free Double Door 3 Star Refrigerator,53125,70990,25% off,0,0,0,"['Digital Inverter', '1 Year warranty on product, 10 Years warranty on Digital Inverter Compressor']",https://www.flipkart.com/samsung-465-l-frost-free-double-door-3-star-refrigerator/p/itmb6d6597841fd1?pid=RFRGGJN3DYSDGYW9&lid=LSTRFRGGJN3DYSDGYW9JNX55J&marketplace=FLIPKART&q=fridge&store=j9e%2Fabm%2Fhzg&srno=s_22_505&otracker=search&otracker1=search&fm=organic&iid=d5c6cbf1-e00e-4679-a9f0-9a929203dc03.RFRGGJN3DYSDGYW9.SEARCH&ppt=None&ppn=None&ssid=b4615rgwpc0000001667799504800&qH=2be977f3ff92dd10,2022-11-07 11:08:24.665478+05:30
ER5FL435,Haier 630 L Frost Free Side by Side Convertible Refrigerator,76990,145000,46% off,123,11,4.5,"['Inverter Compressor', 'Built-in Stabilizer', '1 Year Warranty on Product and 10 Years Warranty on Compressor']",https://www.flipkart.com/haier-630-l-frost-free-side-convertible-refrigerator/p/itm1539257b59629?pid=RFRGGSH5QRG6CGCF&lid=LSTRFRGGSH5QRG6CGCFVZLFCI&marketplace=FLIPKART&q=fridge&store=j9e%2Fabm%2Fhzg&srno=s_22_506&otracker=search&otracker1=search&fm=organic&iid=d5c6cbf1-e00e-4679-a9f0-9a929203dc03.RFRGGSH5QRG6CGCF.SEARCH&ppt=None&ppn=None&ssid=b4615rgwpc0000001667799504800&qH=2be977f3ff92dd10,2022-11-07 11:08:24.969490+05:30
5IVS4PXH,Whirlpool 190 L Direct Cool Single Door 2 Star Refrigerator,12990,15600,16% off,37835,3499,4.3,"['Normal Compressor', 'Built-in Stabilizer', '1 Year on Product and 10 Years on Compressor from Whirlpool']",https://www.flipkart.com/whirlpool-190-l-direct-cool-single-door-2-star-refrigerator/p/itmf6b4c3749b7e4?pid=RFRFZGFAGZUJTXWF&lid=LSTRFRFZGFAGZUJTXWFPDDAKA&marketplace=FLIPKART&q=fridge&store=j9e%2Fabm%2Fhzg&srno=s_22_507&otracker=search&otracker1=search&fm=organic&iid=en_5EkXWSwTNya%2BvpaS%2FX1N4602amlHQOyZVN2DEFADlH0o%2BloTEeWZX1d2BQmvR6olUxBERcvvxLbebUgcQtk5mQ%3D%3D&ppt=None&ppn=None&ssid=b4615rgwpc0000001667799504800&qH=2be977f3ff92dd10,2022-11-07 11:08:25.270954+05:30
FF4H4IRL,Whirlpool 240 L Frost Free Triple Door Refrigerator,27990,33250,15% off,30897,3819,4.4,"['Normal Compressor', 'Built-in Stabilizer', '1 Year Warranty on Product and 10 Years Warranty on Compressor from Whirlpool']",https://www.flipkart.com/whirlpool-240-l-frost-free-triple-door-refrigerator/p/itmf7z5vhfcxysvp?pid=RFRF3HZZZYTNKSCU&lid=LSTRFRF3HZZZYTNKSCUCOA9SO&marketplace=FLIPKART&q=fridge&store=j9e%2Fabm%2Fhzg&srno=s_22_508&otracker=search&otracker1=search&fm=organic&iid=en_5EkXWSwTNya%2BvpaS%2FX1N4602amlHQOyZVN2DEFADlH2zu9sMe6Rt1W4yavaqrZ8Y7Rfr5RUYhX0WhJqwxOQvSg%3D%3D&ppt=None&ppn=None&ssid=b4615rgwpc0000001667799504800&qH=2be977f3ff92dd10,2022-11-07 11:08:25.563166+05:30
91CJHQ7J,Voltas Beko 185 L Direct Cool Single Door 2 Star Refrigerator,14759,16900,12% off,7,0,4.6,"['Linear Compressor', 'Built-in Stabilizer', '2 Years Comprehensive and Additional 8 Years on Compressor from Voltas Beko']",https://www.flipkart.com/voltas-beko-185-l-direct-cool-single-door-2-star-refrigerator/p/itm4c78f55a5c646?pid=RFRFWFPHJNYCAMDF&lid=LSTRFRFWFPHJNYCAMDFG2XSNK&marketplace=FLIPKART&q=fridge&store=j9e%2Fabm%2Fhzg&srno=s_22_509&otracker=search&otracker1=search&fm=organic&iid=d5c6cbf1-e00e-4679-a9f0-9a929203dc03.RFRFWFPHJNYCAMDF.SEARCH&ppt=None&ppn=None&ssid=b4615rgwpc0000001667799504800&qH=2be977f3ff92dd10,2022-11-07 11:08:26.439471+05:30
RTY9RAXK,SAMSUNG 192 L Direct Cool Single Door 3 Star Refrigerator,16490,17990,8% off,45,4,4.2,"['Digital Inverter Compressor', 'Built-in Stabilizer', '1 Year on Product and 10 Years on Compressor From Samsung']",https://www.flipkart.com/samsung-192-l-direct-cool-single-door-3-star-refrigerator/p/itm6d325e5a16927?pid=RFRFZKEUYGUPXS3V&lid=LSTRFRFZKEUYGUPXS3VZN53JL&marketplace=FLIPKART&q=fridge&store=j9e%2Fabm%2Fhzg&srno=s_22_510&otracker=search&otracker1=search&fm=organic&iid=d5c6cbf1-e00e-4679-a9f0-9a929203dc03.RFRFZKEUYGUPXS3V.SEARCH&ppt=None&ppn=None&ssid=b4615rgwpc0000001667799504800&qH=2be977f3ff92dd10,2022-11-07 11:08:27.275216+05:30
1VJH8L4G,Whirlpool 190 L Direct Cool Single Door 3 Star Refrigerator with Base Drawer,16340,20450,20% off,820,91,4.3,"['Non Inverter Compressor', 'Built-in Stabilizer', '1 Year on Product and 10 Years on Compressor from Whirlpool']",https://www.flipkart.com/whirlpool-190-l-direct-cool-single-door-3-star-refrigerator-base-drawer/p/itm495a967730b3c?pid=RFRG4XR6ZDXBEMZR&lid=LSTRFRG4XR6ZDXBEMZRXQJ2DZ&marketplace=FLIPKART&q=fridge&store=j9e%2Fabm%2Fhzg&srno=s_22_511&otracker=search&otracker1=search&fm=organic&iid=en_5EkXWSwTNya%2BvpaS%2FX1N4602amlHQOyZVN2DEFADlH1jFhqP%2FdMnp5ajsAeJCiW9Cik8178uFvOyLd%2F99yHoOg%3D%3D&ppt=None&ppn=None&ssid=b4615rgwpc0000001667799504800&qH=2be977f3ff92dd10,2022-11-07 11:08:27.577226+05:30
NAD6NAGY,Whirlpool 190 L Direct Cool Single Door 2 Star Refrigerator,13540,15900,14% off,37835,3499,4.3,"['Normal Compressor', 'Built-in Stabilizer', '1 Year on Product and 10 Years on Compressor from Whirlpool']",https://www.flipkart.com/whirlpool-190-l-direct-cool-single-door-2-star-refrigerator/p/itm23de1846cafca?pid=RFRFZGFANZJHN6SB&lid=LSTRFRFZGFANZJHN6SBRJ24IH&marketplace=FLIPKART&q=fridge&store=j9e%2Fabm%2Fhzg&srno=s_22_512&otracker=search&otracker1=search&fm=organic&iid=en_5EkXWSwTNya%2BvpaS%2FX1N4602amlHQOyZVN2DEFADlH0RBURM3ZRKfJSGBAllgWrCfG1q4G8NhosLJpsjXdZLzg%3D%3D&ppt=None&ppn=None&ssid=b4615rgwpc0000001667799504800&qH=2be977f3ff92dd10,2022-11-07 11:08:27.915474+05:30
WZ3667H3,Haier 220 L Direct Cool Single Door 4 Star Refrigerator  with Mirror Glass Door,22990,30500,24% off,1318,161,4.4,"['Non-inverter Compressor', 'Built-in Stabilizer', '1  Year Warranty on Product and 10 Years Warranty on Compressor from Haier']",https://www.flipkart.com/haier-220-l-direct-cool-single-door-4-star-refrigerator-mirror-glass/p/itmf7ezympcudsjf?pid=RFRF943NMQQDDGGB&lid=LSTRFRF943NMQQDDGGBBESH3K&marketplace=FLIPKART&q=fridge&store=j9e%2Fabm%2Fhzg&srno=s_22_513&otracker=search&otracker1=search&fm=organic&iid=d5c6cbf1-e00e-4679-a9f0-9a929203dc03.RFRF943NMQQDDGGB.SEARCH&ppt=None&ppn=None&ssid=b4615rgwpc0000001667799504800&qH=2be977f3ff92dd10,2022-11-07 11:08:29.034276+05:30
TWYR81XE,LG 190 L Direct Cool Single Door 2 Star Refrigerator,17490,19990,12% off,0,0,0,"['Reciprocating Compressor', 'Built-in Stabilizer', '1 Year Manufacturer Comprehensive Warranty and 10 Years on Compressor']",https://www.flipkart.com/lg-190-l-direct-cool-single-door-2-star-refrigerator/p/itmf2c4ca3f6d820?pid=RFRGDUP8XSAZU8P6&lid=LSTRFRGDUP8XSAZU8P6ZZ9RWG&marketplace=FLIPKART&q=fridge&store=j9e%2Fabm%2Fhzg&srno=s_22_514&otracker=search&otracker1=search&fm=organic&iid=d5c6cbf1-e00e-4679-a9f0-9a929203dc03.RFRGDUP8XSAZU8P6.SEARCH&ppt=None&ppn=None&ssid=b4615rgwpc0000001667799504800&qH=2be977f3ff92dd10,2022-11-07 11:08:29.767514+05:30
PIDH0H6B,LG 190 L Direct Cool Single Door 3 Star Refrigerator,16990,22299,23% off,0,0,0,"['Smart Inverter Compressor', 'Built-in Stabilizer', '1 Year on Product and 10 Years on Compressor From LG']",https://www.flipkart.com/lg-190-l-direct-cool-single-door-3-star-refrigerator/p/itm29dd9d27fc3f4?pid=RFRGGBF5MGFXRVT5&lid=LSTRFRGGBF5MGFXRVT55QP4ZT&marketplace=FLIPKART&q=fridge&store=j9e%2Fabm%2Fhzg&srno=s_22_515&otracker=search&otracker1=search&fm=organic&iid=d5c6cbf1-e00e-4679-a9f0-9a929203dc03.RFRGGBF5MGFXRVT5.SEARCH&ppt=None&ppn=None&ssid=b4615rgwpc0000001667799504800&qH=2be977f3ff92dd10,2022-11-07 11:08:30.685275+05:30
S5IK85V0,Whirlpool 200 L Direct Cool Single Door 3 Star Refrigerator,15990,21550,25% off,0,0,0,"['Digital Inverter', 'Built-in Stabilizer', '1 Year on Product and 10 Years on Compressor From Whirlpool']",https://www.flipkart.com/whirlpool-200-l-direct-cool-single-door-3-star-refrigerator/p/itma9e5f7fd441e1?pid=RFRFQHMSVXFB7TAX&lid=LSTRFRFQHMSVXFB7TAXKOJTUH&marketplace=FLIPKART&q=fridge&store=j9e%2Fabm%2Fhzg&srno=s_22_516&otracker=search&otracker1=search&fm=organic&iid=d5c6cbf1-e00e-4679-a9f0-9a929203dc03.RFRFQHMSVXFB7TAX.SEARCH&ppt=None&ppn=None&ssid=b4615rgwpc0000001667799504800&qH=2be977f3ff92dd10,2022-11-07 11:08:31.254868+05:30
XK3ACF94,Whirlpool 300 L Frost Free Triple Door Refrigerator,34390,43950,21% off,30897,3819,4.4,"['Normal Compressor', 'Built-in Stabilizer', '1 Year Warranty on Product and 10 Years on Compressor From Whirlpool']",https://www.flipkart.com/whirlpool-300-l-frost-free-triple-door-refrigerator/p/itmexbvqq3h9zyz2?pid=RFRDZEQ7FYQ5QTSN&lid=LSTRFRDZEQ7FYQ5QTSNHFAVDN&marketplace=FLIPKART&q=fridge&store=j9e%2Fabm%2Fhzg&srno=s_22_517&otracker=search&otracker1=search&fm=organic&iid=en_5EkXWSwTNya%2BvpaS%2FX1N4602amlHQOyZVN2DEFADlH3NNpt151O%2BveeNa5BJO8mKDo5XXw04e34i8rC9wk%2FwUA%3D%3D&ppt=None&ppn=None&ssid=b4615rgwpc0000001667799504800&qH=2be977f3ff92dd10,2022-11-07 11:08:31.556570+05:30
4BYZ6DWH,Whirlpool 190 L Direct Cool Single Door 3 Star Refrigerator with Base Drawer,16340,19500,16% off,444,34,4.3,"['Non Inverter Compressor', 'Built-in Stabilizer', '1 Year on Product and 10 Years on Compressor from Whirlpool']",https://www.flipkart.com/whirlpool-190-l-direct-cool-single-door-3-star-refrigerator-base-drawer/p/itmd625ad7498750?pid=RFRG4XR6FXK3XANH&lid=LSTRFRG4XR6FXK3XANH2QMZGI&marketplace=FLIPKART&q=fridge&store=j9e%2Fabm%2Fhzg&srno=s_22_518&otracker=search&otracker1=search&fm=organic&iid=en_5EkXWSwTNya%2BvpaS%2FX1N4602amlHQOyZVN2DEFADlH16oNG89hABbg4UL%2Bk94t6CMGzOfXGzGk9IKwrcXp9P4A%3D%3D&ppt=None&ppn=None&ssid=b4615rgwpc0000001667799504800&qH=2be977f3ff92dd10,2022-11-07 11:08:31.894344+05:30
GZB8172T,Whirlpool 215 L Direct Cool Single Door 3 Star Refrigerator,17799,22850,22% off,10025,1047,4.3,"['IntelliSense Inverter Compressor', 'Built-in Stabilizer', '1 Year on Product and 10 Years on Compressor from Whirlpool']",https://www.flipkart.com/whirlpool-215-l-direct-cool-single-door-3-star-refrigerator/p/itm2e8e8d9c998ef?pid=RFRFYZCPZMYXVWSF&lid=LSTRFRFYZCPZMYXVWSFZN9QFW&marketplace=FLIPKART&q=fridge&store=j9e%2Fabm%2Fhzg&srno=s_22_519&otracker=search&otracker1=search&fm=organic&iid=d5c6cbf1-e00e-4679-a9f0-9a929203dc03.RFRFYZCPZMYXVWSF.SEARCH&ppt=None&ppn=None&ssid=b4615rgwpc0000001667799504800&qH=2be977f3ff92dd10,2022-11-07 11:08:32.279536+05:30
VDQ2CGLK,Whirlpool 280 L Direct Cool Single Door 3 Star Refrigerator,25490,32050,20% off,0,0,0,"['Normal Compressor', '1 Year on Product and 10 Years on Compressor']",https://www.flipkart.com/whirlpool-280-l-direct-cool-single-door-3-star-refrigerator/p/itmf863c3cb3421f?pid=RFRGDHW5JPDUXEFB&lid=LSTRFRGDHW5JPDUXEFBHYEOCI&marketplace=FLIPKART&q=fridge&store=j9e%2Fabm%2Fhzg&srno=s_22_520&otracker=search&otracker1=search&fm=organic&iid=d5c6cbf1-e00e-4679-a9f0-9a929203dc03.RFRGDHW5JPDUXEFB.SEARCH&ppt=None&ppn=None&ssid=b4615rgwpc0000001667799504800&qH=2be977f3ff92dd10,2022-11-07 11:08:33.056632+05:30
3TFOR41B,Whirlpool 190 L Direct Cool Single Door 2 Star Refrigerator,13540,16500,17% off,37835,3499,4.3,"['Normal Compressor', 'Built-in Stabilizer', '1 Year on Product and 10 Years on Compressor from Whirlpool']",https://www.flipkart.com/whirlpool-190-l-direct-cool-single-door-2-star-refrigerator/p/itm823c53fcf0200?pid=RFRFZGFADYS3UTBG&lid=LSTRFRFZGFADYS3UTBGFVSNUE&marketplace=FLIPKART&q=fridge&store=j9e%2Fabm%2Fhzg&srno=s_22_521&otracker=search&otracker1=search&fm=organic&iid=en_5EkXWSwTNya%2BvpaS%2FX1N4602amlHQOyZVN2DEFADlH2hRgkb%2FhjQxZ6HpOkFX0Tx6VmDAgCf6DMckC1h3ZnRZg%3D%3D&ppt=None&ppn=None&ssid=b4615rgwpc0000001667799504800&qH=2be977f3ff92dd10,2022-11-07 11:08:33.390447+05:30
E4OELMAK,Whirlpool 190 L Direct Cool Single Door 3 Star Refrigerator,15340,18000,14% off,622,47,4.3,"['Non Inverter Compressor', 'Built-in Stabilizer', '1 Year on Product and 10 Years on Compressor from Whirlpool']",https://www.flipkart.com/whirlpool-190-l-direct-cool-single-door-3-star-refrigerator/p/itmc4870feb17803?pid=RFRG4XR689KTY9QT&lid=LSTRFRG4XR689KTY9QTJUWMVD&marketplace=FLIPKART&q=fridge&store=j9e%2Fabm%2Fhzg&srno=s_22_522&otracker=search&otracker1=search&fm=organic&iid=en_5EkXWSwTNya%2BvpaS%2FX1N4602amlHQOyZVN2DEFADlH21gKxksizo1AS9NrIczM7jSnPWXWX2eFur1r0QMwaKtQ%3D%3D&ppt=None&ppn=None&ssid=b4615rgwpc0000001667799504800&qH=2be977f3ff92dd10,2022-11-07 11:08:33.704365+05:30
GC83PLWE,Lloyd 200 L Direct Cool Single Door 3 Star Refrigerator,15380,18490,16% off,30,1,4.7,"['Inverter Compressor', 'Built-in Stabilizer', '1 Year Domestic Warranty on Product and Additional 9 Years on Compressor']",https://www.flipkart.com/lloyd-200-l-direct-cool-single-door-3-star-refrigerator/p/itm4df5aa8160cca?pid=RFRG2MCWZVBZFGMD&lid=LSTRFRG2MCWZVBZFGMDPLNS0F&marketplace=FLIPKART&q=fridge&store=j9e%2Fabm%2Fhzg&srno=s_22_523&otracker=search&otracker1=search&fm=organic&iid=d5c6cbf1-e00e-4679-a9f0-9a929203dc03.RFRG2MCWZVBZFGMD.SEARCH&ppt=None&ppn=None&ssid=b4615rgwpc0000001667799504800&qH=2be977f3ff92dd10,2022-11-07 11:08:34.138442+05:30
6N71ONMI,Whirlpool 190 L Direct Cool Single Door 4 Star Refrigerator,17190,19300,10% off,227,14,4.3,"['IntelliSense Inverter Compressor', 'Built-in Stabilizer', '1 Year on Product and 10 Years on Compressor from Whirlpool']",https://www.flipkart.com/whirlpool-190-l-direct-cool-single-door-4-star-refrigerator/p/itme5d579d0af0a7?pid=RFRFYZCQWU4HKJ2W&lid=LSTRFRFYZCQWU4HKJ2WBNBV8T&marketplace=FLIPKART&q=fridge&store=j9e%2Fabm%2Fhzg&srno=s_22_524&otracker=search&otracker1=search&fm=organic&iid=d5c6cbf1-e00e-4679-a9f0-9a929203dc03.RFRFYZCQWU4HKJ2W.SEARCH&ppt=None&ppn=None&ssid=b4615rgwpc0000001667799504800&qH=2be977f3ff92dd10,2022-11-07 11:08:34.966046+05:30
JG21IVLQ,SAMSUNG 253 L Frost Free Double Door 2 Star Convertible Refrigerator,28100,29990,6% off,14,3,4.6,"['Digital Inverter Compressor', 'Built-in Stabilizer', '1 Year Warranty on Product and 10 Years on Compressor']",https://www.flipkart.com/samsung-253-l-frost-free-double-door-2-star-convertible-refrigerator/p/itm9664671435483?pid=RFRFZGJCEVKEGEUD&lid=LSTRFRFZGJCEVKEGEUDQMGR48&marketplace=FLIPKART&q=fridge&store=j9e%2Fabm%2Fhzg&srno=s_22_525&otracker=search&otracker1=search&fm=organic&iid=d5c6cbf1-e00e-4679-a9f0-9a929203dc03.RFRFZGJCEVKEGEUD.SEARCH&ppt=None&ppn=None&ssid=b4615rgwpc0000001667799504800&qH=2be977f3ff92dd10,2022-11-07 11:08:35.806608+05:30
22FOWZM9,LG 471 L Frost Free Double Door 3 Star Convertible Refrigerator,62999,74050,14% off,0,0,0,"['Inverter Linear Compressor', '1 Year Warranty on Product and 10 Years on Compressor from LG']",https://www.flipkart.com/lg-471-l-frost-free-double-door-3-star-convertible-refrigerator/p/itm1a57c6aab9d38?pid=RFRFPHH7MCMTRGBG&lid=LSTRFRFPHH7MCMTRGBG3LPOWF&marketplace=FLIPKART&q=fridge&store=j9e%2Fabm%2Fhzg&srno=s_22_526&otracker=search&otracker1=search&fm=organic&iid=d5c6cbf1-e00e-4679-a9f0-9a929203dc03.RFRFPHH7MCMTRGBG.SEARCH&ppt=None&ppn=None&ssid=b4615rgwpc0000001667799504800&qH=2be977f3ff92dd10,2022-11-07 11:08:36.109013+05:30
VA7GFYFQ,Whirlpool 190 L Direct Cool Single Door 3 Star Refrigerator,15340,17600,12% off,1327,122,4.2,"['Non Inverter Compressor', 'Built-in Stabilizer', '1 Year on Product and 10 Years on Compressor from Whirlpool']",https://www.flipkart.com/whirlpool-190-l-direct-cool-single-door-3-star-refrigerator/p/itm600cc6ce9ae49?pid=RFRG4XR6QNSM6X5H&lid=LSTRFRG4XR6QNSM6X5HUWM1ZO&marketplace=FLIPKART&q=fridge&store=j9e%2Fabm%2Fhzg&srno=s_22_527&otracker=search&otracker1=search&fm=organic&iid=en_5EkXWSwTNya%2BvpaS%2FX1N4602amlHQOyZVN2DEFADlH1OK6wHpPPvJfGkrZfHoj9P3RgyFZzsE5Uq1sCzOjbMWg%3D%3D&ppt=None&ppn=None&ssid=b4615rgwpc0000001667799504800&qH=2be977f3ff92dd10,2022-11-07 11:08:36.414665+05:30
UB5N7J0T,Whirlpool 190 L Direct Cool Single Door 3 Star Refrigerator,14640,17000,13% off,37835,3499,4.3,"['Normal Compressor', 'Built-in Stabilizer', '1 Year on Product and 10 Years on Compressor from Whirlpool']",https://www.flipkart.com/whirlpool-190-l-direct-cool-single-door-3-star-refrigerator/p/itmafa0a476dffe1?pid=RFRFZGFAHQ7VQXZF&lid=LSTRFRFZGFAHQ7VQXZFLUB4OV&marketplace=FLIPKART&q=fridge&store=j9e%2Fabm%2Fhzg&srno=s_22_528&otracker=search&otracker1=search&fm=organic&iid=en_5EkXWSwTNya%2BvpaS%2FX1N4602amlHQOyZVN2DEFADlH1AnFGo9TjJ957cjoaZPZFBZZHikuLs61%2BJy0ccFBS1Fg%3D%3D&ppt=None&ppn=None&ssid=b4615rgwpc0000001667799504800&qH=2be977f3ff92dd10,2022-11-07 11:08:36.705293+05:30
P2RQED0Z,Whirlpool 292 L Frost Free Double Door Top Mount 2 Star Refrigerator,31740,37400,15% off,33,3,4.3,"['Reciprocating Compressor', '1 Year on Product and 10 Years on the Compressor from Whirlpool']",https://www.flipkart.com/whirlpool-292-l-frost-free-double-door-top-mount-2-star-refrigerator/p/itmae1791d3b5107?pid=RFRFYV7BJNSSHGZ4&lid=LSTRFRFYV7BJNSSHGZ4TJRF6J&marketplace=FLIPKART&q=fridge&store=j9e%2Fabm%2Fhzg&srno=s_23_529&otracker=search&otracker1=search&fm=organic&iid=ec793bed-c24f-49d6-93b9-0b0db8fa7be7.RFRFYV7BJNSSHGZ4.SEARCH&ppt=None&ppn=None&ssid=nmh1thiu9s0000001667799517802&qH=2be977f3ff92dd10,2022-11-07 11:08:37.796962+05:30
P9HHX57H,realme TechLife 308 L Frost Free Double Door 3 Star Refrigerator,26990,41490,34% off,622,105,4.3,"['Inverter Compressor', 'Built-in Stabilizer', '1 Year Warranty on Product and 10 Years on Compressor']",https://www.flipkart.com/realme-techlife-308-l-frost-free-double-door-3-star-refrigerator/p/itmd64c11e470bc8?pid=RFRGCYFSYE6VBFVY&lid=LSTRFRGCYFSYE6VBFVYMOC8L5&marketplace=FLIPKART&q=fridge&store=j9e%2Fabm%2Fhzg&srno=s_23_530&otracker=search&otracker1=search&fm=organic&iid=ec793bed-c24f-49d6-93b9-0b0db8fa7be7.RFRGCYFSYE6VBFVY.SEARCH&ppt=None&ppn=None&ssid=nmh1thiu9s0000001667799517802&qH=2be977f3ff92dd10,2022-11-07 11:08:38.635467+05:30
Z57X3SPF,Whirlpool 190 L Direct Cool Single Door 2 Star Refrigerator,12990,15600,16% off,37835,3499,4.3,"['Normal Compressor', 'Built-in Stabilizer', '1 Year on Product and 10 Years on Compressor from Whirlpool']",https://www.flipkart.com/whirlpool-190-l-direct-cool-single-door-2-star-refrigerator/p/itmf6b4c3749b7e4?pid=RFRFZGFAGZUJTXWF&lid=LSTRFRFZGFAGZUJTXWFPDDAKA&marketplace=FLIPKART&q=fridge&store=j9e%2Fabm%2Fhzg&srno=s_23_531&otracker=search&otracker1=search&fm=organic&iid=en_fhgabbCKdEpdj3%2Fff%2BvPFsUSwPpFJIxXFH%2BaOP%2Fs4RWmrA3O2JZliFhj2srgM5JyUxBERcvvxLbebUgcQtk5mQ%3D%3D&ppt=None&ppn=None&ssid=nmh1thiu9s0000001667799517802&qH=2be977f3ff92dd10,2022-11-07 11:08:38.938892+05:30
KCGVS1Z2,Whirlpool 240 L Frost Free Triple Door Refrigerator,27990,33250,15% off,30897,3819,4.4,"['Normal Compressor', 'Built-in Stabilizer', '1 Year Warranty on Product and 10 Years Warranty on Compressor from Whirlpool']",https://www.flipkart.com/whirlpool-240-l-frost-free-triple-door-refrigerator/p/itmf7z5vhfcxysvp?pid=RFRF3HZZZYTNKSCU&lid=LSTRFRF3HZZZYTNKSCUCOA9SO&marketplace=FLIPKART&q=fridge&store=j9e%2Fabm%2Fhzg&srno=s_23_532&otracker=search&otracker1=search&fm=organic&iid=en_fhgabbCKdEpdj3%2Fff%2BvPFsUSwPpFJIxXFH%2BaOP%2Fs4RUkcnkTWYhj3iL6iQ1YdwnB7Rfr5RUYhX0WhJqwxOQvSg%3D%3D&ppt=None&ppn=None&ssid=nmh1thiu9s0000001667799517802&qH=2be977f3ff92dd10,2022-11-07 11:08:39.257298+05:30
RS0508R9,SAMSUNG 324 L Direct Cool Double Door 3 Star Refrigerator,38199,44990,15% off,0,0,0,"['Linear Compressor', 'Built-in Stabilizer', '1 Year Warranty on Product and 10 Years on Compressor From Samsung']",https://www.flipkart.com/samsung-324-l-direct-cool-double-door-3-star-refrigerator/p/itm5eac363baddd1?pid=RFRGFWVAQ7BYZKV4&lid=LSTRFRGFWVAQ7BYZKV4J1MR2I&marketplace=FLIPKART&q=fridge&store=j9e%2Fabm%2Fhzg&srno=s_23_533&otracker=search&otracker1=search&fm=organic&iid=ec793bed-c24f-49d6-93b9-0b0db8fa7be7.RFRGFWVAQ7BYZKV4.SEARCH&ppt=None&ppn=None&ssid=nmh1thiu9s0000001667799517802&qH=2be977f3ff92dd10,2022-11-07 11:08:40.059665+05:30
1YR9C2WS,Panasonic 338 L Frost Free Double Door 3 Star Refrigerator,33490,45500,26% off,126,14,4.4,"['Inverter Compressor', 'Built-in Stabilizer', '1 Year Comprehensive Warranty on Product and 10 Years on Compressor']",https://www.flipkart.com/panasonic-338-l-frost-free-double-door-3-star-refrigerator/p/itmc73f2ea31a26e?pid=RFRG6TQ6AF7AAC49&lid=LSTRFRG6TQ6AF7AAC49ZCMOO5&marketplace=FLIPKART&q=fridge&store=j9e%2Fabm%2Fhzg&srno=s_23_534&otracker=search&otracker1=search&fm=organic&iid=ec793bed-c24f-49d6-93b9-0b0db8fa7be7.RFRG6TQ6AF7AAC49.SEARCH&ppt=None&ppn=None&ssid=nmh1thiu9s0000001667799517802&qH=2be977f3ff92dd10,2022-11-07 11:08:41.163437+05:30
O44DDXEJ,LG 204 L Direct Cool Single Door 4 Star Refrigerator with Base Drawer  with External Mi-Com,23690,27269,13% off,4,0,5,"['Smart Inverter Compressor', 'Built-in Stabilizer', '1 Year Warranty on Product and 10 Years Warranty on Compressor From LG']",https://www.flipkart.com/lg-204-l-direct-cool-single-door-4-star-refrigerator-base-drawer-external-mi-com/p/itm70a23b021c166?pid=RFRGG45T4CYURM56&lid=LSTRFRGG45T4CYURM56ZTWNZI&marketplace=FLIPKART&q=fridge&store=j9e%2Fabm%2Fhzg&srno=s_23_535&otracker=search&otracker1=search&fm=organic&iid=ec793bed-c24f-49d6-93b9-0b0db8fa7be7.RFRGG45T4CYURM56.SEARCH&ppt=None&ppn=None&ssid=nmh1thiu9s0000001667799517802&qH=2be977f3ff92dd10,2022-11-07 11:08:41.461475+05:30
GDX8F6ZM,LG 308 L Frost Free Double Door 3 Star Convertible Refrigerator,40890,52499,22% off,0,0,0,"['Smart Inverter Compressor', 'Built-in Stabilizer', '1 Year on Product and 10 Years on Compressor']",https://www.flipkart.com/lg-308-l-frost-free-double-door-3-star-convertible-refrigerator/p/itm7f33af1684e89?pid=RFRGGHPSSAM9WNX5&lid=LSTRFRGGHPSSAM9WNX5YJQG8D&marketplace=FLIPKART&q=fridge&store=j9e%2Fabm%2Fhzg&srno=s_23_536&otracker=search&otracker1=search&fm=organic&iid=ec793bed-c24f-49d6-93b9-0b0db8fa7be7.RFRGGHPSSAM9WNX5.SEARCH&ppt=None&ppn=None&ssid=nmh1thiu9s0000001667799517802&qH=2be977f3ff92dd10,2022-11-07 11:08:42.218883+05:30
62SBSI9R,Whirlpool 190 L Direct Cool Single Door 3 Star Refrigerator with Base Drawer,16340,20450,20% off,820,91,4.3,"['Non Inverter Compressor', 'Built-in Stabilizer', '1 Year on Product and 10 Years on Compressor from Whirlpool']",https://www.flipkart.com/whirlpool-190-l-direct-cool-single-door-3-star-refrigerator-base-drawer/p/itm495a967730b3c?pid=RFRG4XR6ZDXBEMZR&lid=LSTRFRG4XR6ZDXBEMZRXQJ2DZ&marketplace=FLIPKART&q=fridge&store=j9e%2Fabm%2Fhzg&srno=s_23_537&otracker=search&otracker1=search&fm=organic&iid=en_fhgabbCKdEpdj3%2Fff%2BvPFsUSwPpFJIxXFH%2BaOP%2Fs4RWyG1yUU5StkrNxfuDcopeUCik8178uFvOyLd%2F99yHoOg%3D%3D&ppt=None&ppn=None&ssid=nmh1thiu9s0000001667799517802&qH=2be977f3ff92dd10,2022-11-07 11:08:42.538456+05:30
CANQFBNL,Whirlpool 190 L Direct Cool Single Door 2 Star Refrigerator,13540,15900,14% off,37835,3499,4.3,"['Normal Compressor', 'Built-in Stabilizer', '1 Year on Product and 10 Years on Compressor from Whirlpool']",https://www.flipkart.com/whirlpool-190-l-direct-cool-single-door-2-star-refrigerator/p/itm23de1846cafca?pid=RFRFZGFANZJHN6SB&lid=LSTRFRFZGFANZJHN6SBRJ24IH&marketplace=FLIPKART&q=fridge&store=j9e%2Fabm%2Fhzg&srno=s_23_538&otracker=search&otracker1=search&fm=organic&iid=en_fhgabbCKdEpdj3%2Fff%2BvPFsUSwPpFJIxXFH%2BaOP%2Fs4RURL6taw863OIqhK9JBQ01sfG1q4G8NhosLJpsjXdZLzg%3D%3D&ppt=None&ppn=None&ssid=nmh1thiu9s0000001667799517802&qH=2be977f3ff92dd10,2022-11-07 11:08:42.838434+05:30
ABK8BHGU,Panasonic 592 L Frost Free Side by Side Refrigerator  with Wifi Connectivity,84490,105000,19% off,0,0,0,"['Inverter Compressor', 'Built-in Stabilizer', '1 Year Warranty on Product and 10 Years Warranty on Compressor']",https://www.flipkart.com/panasonic-592-l-frost-free-side-refrigerator-wifi-connectivity/p/itme1f70d3bd3974?pid=RFRGHETWPVDK4V6J&lid=LSTRFRGHETWPVDK4V6JGOZN42&marketplace=FLIPKART&q=fridge&store=j9e%2Fabm%2Fhzg&srno=s_23_539&otracker=search&otracker1=search&fm=organic&iid=ec793bed-c24f-49d6-93b9-0b0db8fa7be7.RFRGHETWPVDK4V6J.SEARCH&ppt=None&ppn=None&ssid=nmh1thiu9s0000001667799517802&qH=2be977f3ff92dd10,2022-11-07 11:08:43.823723+05:30
05QYXPH8,LG 190 L Direct Cool Single Door 5 Star Refrigerator with Base Drawer,20553,25000,17% off,66,7,4.5,"['Smart Inverter Compressor', 'Built-in Stabilizer', '1 Year Warranty on Product and 10 Years on Compressor from LG']",https://www.flipkart.com/lg-190-l-direct-cool-single-door-5-star-refrigerator-base-drawer/p/itm5d4372bd17bcf?pid=RFRGYEFPBUCM3EC2&lid=LSTRFRGYEFPBUCM3EC2QUVOUT&marketplace=FLIPKART&q=fridge&store=j9e%2Fabm%2Fhzg&srno=s_23_540&otracker=search&otracker1=search&fm=organic&iid=ec793bed-c24f-49d6-93b9-0b0db8fa7be7.RFRGYEFPBUCM3EC2.SEARCH&ppt=None&ppn=None&ssid=nmh1thiu9s0000001667799517802&qH=2be977f3ff92dd10,2022-11-07 11:08:44.799432+05:30
3ICUEW4I,Whirlpool 300 L Frost Free Triple Door Refrigerator,34390,43950,21% off,30897,3819,4.4,"['Normal Compressor', 'Built-in Stabilizer', '1 Year Warranty on Product and 10 Years on Compressor From Whirlpool']",https://www.flipkart.com/whirlpool-300-l-frost-free-triple-door-refrigerator/p/itmexbvqq3h9zyz2?pid=RFRDZEQ7FYQ5QTSN&lid=LSTRFRDZEQ7FYQ5QTSNHFAVDN&marketplace=FLIPKART&q=fridge&store=j9e%2Fabm%2Fhzg&srno=s_23_541&otracker=search&otracker1=search&fm=organic&iid=en_fhgabbCKdEpdj3%2Fff%2BvPFsUSwPpFJIxXFH%2BaOP%2Fs4RWU%2FPp3tiQcEnSM32RHHmoNDo5XXw04e34i8rC9wk%2FwUA%3D%3D&ppt=None&ppn=None&ssid=nmh1thiu9s0000001667799517802&qH=2be977f3ff92dd10,2022-11-07 11:08:45.170453+05:30
869DRD7B,Whirlpool 190 L Direct Cool Single Door 3 Star Refrigerator with Base Drawer,16340,19500,16% off,444,34,4.3,"['Non Inverter Compressor', 'Built-in Stabilizer', '1 Year on Product and 10 Years on Compressor from Whirlpool']",https://www.flipkart.com/whirlpool-190-l-direct-cool-single-door-3-star-refrigerator-base-drawer/p/itmd625ad7498750?pid=RFRG4XR6FXK3XANH&lid=LSTRFRG4XR6FXK3XANH2QMZGI&marketplace=FLIPKART&q=fridge&store=j9e%2Fabm%2Fhzg&srno=s_23_542&otracker=search&otracker1=search&fm=organic&iid=en_fhgabbCKdEpdj3%2Fff%2BvPFsUSwPpFJIxXFH%2BaOP%2Fs4RUgmfYDVC939U5sZ3U9U2BWMGzOfXGzGk9IKwrcXp9P4A%3D%3D&ppt=None&ppn=None&ssid=nmh1thiu9s0000001667799517802&qH=2be977f3ff92dd10,2022-11-07 11:08:45.471680+05:30
MBSRHJN2,LG 270 L Direct Cool Single Door 3 Star Refrigerator,23490,24190,2% off,1354,170,4.3,"['Smart Inverter Compressor', 'Built-in Stabilizer', '1 Year Warranty on Product & 10 Years Warranty on Compressor from LG']",https://www.flipkart.com/lg-270-l-direct-cool-single-door-3-star-refrigerator/p/itmf60e6a8e71e44?pid=RFREQGFNFEUVNP4B&lid=LSTRFREQGFNFEUVNP4BHCBEN1&marketplace=FLIPKART&q=fridge&store=j9e%2Fabm%2Fhzg&srno=s_23_543&otracker=search&otracker1=search&fm=organic&iid=ec793bed-c24f-49d6-93b9-0b0db8fa7be7.RFREQGFNFEUVNP4B.SEARCH&ppt=None&ppn=None&ssid=nmh1thiu9s0000001667799517802&qH=2be977f3ff92dd10,2022-11-07 11:08:45.817180+05:30
OP2E2IUU,SAMSUNG 192 L Direct Cool Single Door 3 Star Refrigerator,17490,17999,2% off,27,2,3.7,"['Digital Inverter Compressor', 'Built-in Stabilizer', '1 Year on Product and 10 Years on Compressor From Samsung']",https://www.flipkart.com/samsung-192-l-direct-cool-single-door-3-star-refrigerator/p/itmc50a429c8013f?pid=RFRFZKEUDXBWAPFA&lid=LSTRFRFZKEUDXBWAPFATT7QQJ&marketplace=FLIPKART&q=fridge&store=j9e%2Fabm%2Fhzg&srno=s_23_544&otracker=search&otracker1=search&fm=organic&iid=ec793bed-c24f-49d6-93b9-0b0db8fa7be7.RFRFZKEUDXBWAPFA.SEARCH&ppt=None&ppn=None&ssid=nmh1thiu9s0000001667799517802&qH=2be977f3ff92dd10,2022-11-07 11:08:46.583694+05:30
SPU796Z2,LG 284 L Frost Free Double Door 2 Star Refrigerator,32959,42090,21% off,0,0,0,"['Smart Inverter Compressor', 'Built-in Stabilizer', '1 Year Warranty on Product and 10 Years on Compressor from LG']",https://www.flipkart.com/lg-284-l-frost-free-double-door-2-star-refrigerator/p/itm5e5aaa02031a5?pid=RFRG6W6GBJJ4AGHD&lid=LSTRFRG6W6GBJJ4AGHDAS0NGL&marketplace=FLIPKART&q=fridge&store=j9e%2Fabm%2Fhzg&srno=s_23_545&otracker=search&otracker1=search&fm=organic&iid=ec793bed-c24f-49d6-93b9-0b0db8fa7be7.RFRG6W6GBJJ4AGHD.SEARCH&ppt=None&ppn=None&ssid=nmh1thiu9s0000001667799517802&qH=2be977f3ff92dd10,2022-11-07 11:08:47.281037+05:30
8OQQU2MD,SAMSUNG 253 L Frost Free Double Door 3 Star Convertible Refrigerator,30100,35990,16% off,6,0,4,"['Digital Inverter Compressor', 'Built-in Stabilizer', '1 Year Warranty on Product and 10 Years on Compressor']",https://www.flipkart.com/samsung-253-l-frost-free-double-door-3-star-convertible-refrigerator/p/itm96b9d5caf8013?pid=RFRFZGJC47PU6YTG&lid=LSTRFRFZGJC47PU6YTGRG2YS1&marketplace=FLIPKART&q=fridge&store=j9e%2Fabm%2Fhzg&srno=s_23_546&otracker=search&otracker1=search&fm=organic&iid=ec793bed-c24f-49d6-93b9-0b0db8fa7be7.RFRFZGJC47PU6YTG.SEARCH&ppt=None&ppn=None&ssid=nmh1thiu9s0000001667799517802&qH=2be977f3ff92dd10,2022-11-07 11:08:47.650431+05:30
EQOQZ24Q,Whirlpool 190 L Direct Cool Single Door 2 Star Refrigerator,13540,16500,17% off,37835,3499,4.3,"['Normal Compressor', 'Built-in Stabilizer', '1 Year on Product and 10 Years on Compressor from Whirlpool']",https://www.flipkart.com/whirlpool-190-l-direct-cool-single-door-2-star-refrigerator/p/itm823c53fcf0200?pid=RFRFZGFADYS3UTBG&lid=LSTRFRFZGFADYS3UTBGFVSNUE&marketplace=FLIPKART&q=fridge&store=j9e%2Fabm%2Fhzg&srno=s_23_547&otracker=search&otracker1=search&fm=organic&iid=en_fhgabbCKdEpdj3%2Fff%2BvPFsUSwPpFJIxXFH%2BaOP%2Fs4RURbg1UVAb%2BNvgBNY0iOR4L6VmDAgCf6DMckC1h3ZnRZg%3D%3D&ppt=None&ppn=None&ssid=nmh1thiu9s0000001667799517802&qH=2be977f3ff92dd10,2022-11-07 11:08:47.961167+05:30
6RI01VBG,Whirlpool 190 L Direct Cool Single Door 3 Star Refrigerator,15340,18000,14% off,622,47,4.3,"['Non Inverter Compressor', 'Built-in Stabilizer', '1 Year on Product and 10 Years on Compressor from Whirlpool']",https://www.flipkart.com/whirlpool-190-l-direct-cool-single-door-3-star-refrigerator/p/itmc4870feb17803?pid=RFRG4XR689KTY9QT&lid=LSTRFRG4XR689KTY9QTJUWMVD&marketplace=FLIPKART&q=fridge&store=j9e%2Fabm%2Fhzg&srno=s_23_548&otracker=search&otracker1=search&fm=organic&iid=en_fhgabbCKdEpdj3%2Fff%2BvPFsUSwPpFJIxXFH%2BaOP%2Fs4RUu7G%2BeUqkLr8Eit1MwsfY%2FSnPWXWX2eFur1r0QMwaKtQ%3D%3D&ppt=None&ppn=None&ssid=nmh1thiu9s0000001667799517802&qH=2be977f3ff92dd10,2022-11-07 11:08:48.278587+05:30
5I7Z4XR4,Hitachi 525 L Frost Free Double Door Bottom Mount 2 Star Refrigerator,66490,91800,27% off,4,1,4.8,"['Inverter', 'Built-in Stabilizer', '1 Year Manufacturer Warranty and 10 Years Warranty on Compressor from Hitachi']",https://www.flipkart.com/hitachi-525-l-frost-free-double-door-bottom-mount-2-star-refrigerator/p/itm1a73611856a47?pid=RFRFWCVGZNGCZQ7E&lid=LSTRFRFWCVGZNGCZQ7E5ZXH5R&marketplace=FLIPKART&q=fridge&store=j9e%2Fabm%2Fhzg&srno=s_23_549&otracker=search&otracker1=search&fm=organic&iid=ec793bed-c24f-49d6-93b9-0b0db8fa7be7.RFRFWCVGZNGCZQ7E.SEARCH&ppt=None&ppn=None&ssid=nmh1thiu9s0000001667799517802&qH=2be977f3ff92dd10,2022-11-07 11:08:49.063243+05:30
V1T2JGMN,Haier 570 L Frost Free Side by Side Refrigerator,72990,115000,36% off,16,3,5,"['Twin Inverter Compressor', 'Built-in Stabilizer', '1 Year Warranty on Product and 10 Year on Compressor from Haier']",https://www.flipkart.com/haier-570-l-frost-free-side-refrigerator/p/itm711dbde7380db?pid=RFRFRHZZYB6J8HF6&lid=LSTRFRFRHZZYB6J8HF6K8IPTY&marketplace=FLIPKART&q=fridge&store=j9e%2Fabm%2Fhzg&srno=s_23_550&otracker=search&otracker1=search&fm=organic&iid=ec793bed-c24f-49d6-93b9-0b0db8fa7be7.RFRFRHZZYB6J8HF6.SEARCH&ppt=None&ppn=None&ssid=nmh1thiu9s0000001667799517802&qH=2be977f3ff92dd10,2022-11-07 11:08:49.420975+05:30
VY538YWP,Whirlpool 190 L Direct Cool Single Door 3 Star Refrigerator,15340,17600,12% off,1327,122,4.2,"['Non Inverter Compressor', 'Built-in Stabilizer', '1 Year on Product and 10 Years on Compressor from Whirlpool']",https://www.flipkart.com/whirlpool-190-l-direct-cool-single-door-3-star-refrigerator/p/itm600cc6ce9ae49?pid=RFRG4XR6QNSM6X5H&lid=LSTRFRG4XR6QNSM6X5HUWM1ZO&marketplace=FLIPKART&q=fridge&store=j9e%2Fabm%2Fhzg&srno=s_23_551&otracker=search&otracker1=search&fm=organic&iid=en_fhgabbCKdEpdj3%2Fff%2BvPFsUSwPpFJIxXFH%2BaOP%2Fs4RU2d%2FRgIDip7ti2JniAe24y3RgyFZzsE5Uq1sCzOjbMWg%3D%3D&ppt=None&ppn=None&ssid=nmh1thiu9s0000001667799517802&qH=2be977f3ff92dd10,2022-11-07 11:08:49.719447+05:30
4II26BWT,Whirlpool 190 L Direct Cool Single Door 3 Star Refrigerator,14640,17000,13% off,37835,3499,4.3,"['Normal Compressor', 'Built-in Stabilizer', '1 Year on Product and 10 Years on Compressor from Whirlpool']",https://www.flipkart.com/whirlpool-190-l-direct-cool-single-door-3-star-refrigerator/p/itmafa0a476dffe1?pid=RFRFZGFAHQ7VQXZF&lid=LSTRFRFZGFAHQ7VQXZFLUB4OV&marketplace=FLIPKART&q=fridge&store=j9e%2Fabm%2Fhzg&srno=s_23_552&otracker=search&otracker1=search&fm=organic&iid=en_fhgabbCKdEpdj3%2Fff%2BvPFsUSwPpFJIxXFH%2BaOP%2Fs4RWyz8kVwXr4heqy0%2FBagJQ3ZZHikuLs61%2BJy0ccFBS1Fg%3D%3D&ppt=None&ppn=None&ssid=nmh1thiu9s0000001667799517802&qH=2be977f3ff92dd10,2022-11-07 11:08:50.020426+05:30
CVFNBWNI,LG 201 L Frost Free Single Door 3 Star Refrigerator,16990,22299,23% off,0,0,0,"['Inverter', 'Built-in Stabilizer', '1 Year Warranty on Product and 10 Years on Compressor from LG']",https://www.flipkart.com/lg-201-l-frost-free-single-door-3-star-refrigerator/p/itm29dd9d27fc3f4?pid=RFRGHA3Y4UNUFHUM&lid=LSTRFRGHA3Y4UNUFHUMXDD0KP&marketplace=FLIPKART&q=fridge&store=j9e%2Fabm%2Fhzg&srno=s_24_553&otracker=search&otracker1=search&fm=organic&iid=5f04f7c8-c74d-4be1-b47d-6985cb7309df.RFRGHA3Y4UNUFHUM.SEARCH&ppt=None&ppn=None&ssid=sm7icf3dcg0000001667799531189&qH=2be977f3ff92dd10,2022-11-07 11:08:51.109777+05:30
V9EP6GXW,Whirlpool 240 L Frost Free Triple Door Refrigerator,23490,28890,18% off,5282,883,4.4,"['Reciprocatory Compressor', 'Built-in Stabilizer', '1 Year Warranty on Product and 10 Years Warranty on Compressor from Whirlpool']",https://www.flipkart.com/whirlpool-240-l-frost-free-triple-door-refrigerator/p/itmf7nvypsgkdu73?pid=RFRDZEQ7UBXB9DYV&lid=LSTRFRDZEQ7UBXB9DYV8M6LOI&marketplace=FLIPKART&q=fridge&store=j9e%2Fabm%2Fhzg&srno=s_24_554&otracker=search&otracker1=search&fm=organic&iid=5f04f7c8-c74d-4be1-b47d-6985cb7309df.RFRDZEQ7UBXB9DYV.SEARCH&ppt=None&ppn=None&ssid=sm7icf3dcg0000001667799531189&qH=2be977f3ff92dd10,2022-11-07 11:08:51.956444+05:30
KZED03ET,Liebherr 265 L Frost Free Double Door Top Mount 3 Star Refrigerator,28590,37490,23% off,38,7,4.4,"['Nextgen 8 Step Inverter Compressor', 'Built-in Stabilizer', '1 Year Warranty on Product  and 10 Years on Compressor']",https://www.flipkart.com/liebherr-265-l-frost-free-double-door-top-mount-3-star-refrigerator/p/itm0f6fb52cb6c73?pid=RFRG4ZQHZBBDTQ6N&lid=LSTRFRG4ZQHZBBDTQ6NLZNRYR&marketplace=FLIPKART&q=fridge&store=j9e%2Fabm%2Fhzg&srno=s_24_555&otracker=search&otracker1=search&fm=organic&iid=5f04f7c8-c74d-4be1-b47d-6985cb7309df.RFRG4ZQHZBBDTQ6N.SEARCH&ppt=None&ppn=None&ssid=sm7icf3dcg0000001667799531189&qH=2be977f3ff92dd10,2022-11-07 11:08:52.793443+05:30
ZELQK2EP,Whirlpool 190 L Direct Cool Single Door 3 Star Refrigerator with Base Drawer,16340,19500,16% off,444,34,4.3,"['Non Inverter Compressor', 'Built-in Stabilizer', '1 Year on Product and 10 Years on Compressor from Whirlpool']",https://www.flipkart.com/whirlpool-190-l-direct-cool-single-door-3-star-refrigerator-base-drawer/p/itmd625ad7498750?pid=RFRG4XR6FXK3XANH&lid=LSTRFRG4XR6FXK3XANH2QMZGI&marketplace=FLIPKART&q=fridge&store=j9e%2Fabm%2Fhzg&srno=s_24_556&otracker=search&otracker1=search&fm=organic&iid=5f04f7c8-c74d-4be1-b47d-6985cb7309df.RFRG4XR6FXK3XANH.SEARCH&ppt=None&ppn=None&ssid=sm7icf3dcg0000001667799531189&qH=2be977f3ff92dd10,2022-11-07 11:08:53.094309+05:30
USQQFRMX,Whirlpool 190 L Direct Cool Single Door 2 Star Refrigerator,12990,15600,16% off,37835,3499,4.3,"['Normal Compressor', 'Built-in Stabilizer', '1 Year on Product and 10 Years on Compressor from Whirlpool']",https://www.flipkart.com/whirlpool-190-l-direct-cool-single-door-2-star-refrigerator/p/itmf6b4c3749b7e4?pid=RFRFZGFAGZUJTXWF&lid=LSTRFRFZGFAGZUJTXWFPDDAKA&marketplace=FLIPKART&q=fridge&store=j9e%2Fabm%2Fhzg&srno=s_24_557&otracker=search&otracker1=search&fm=organic&iid=en_YJrwfd0t7seCzYDto5KnbD7lDoqFM3ZyD6v5sPTaXzq87rPOr7JK1kNfgpE9CJfzUxBERcvvxLbebUgcQtk5mQ%3D%3D&ppt=None&ppn=None&ssid=sm7icf3dcg0000001667799531189&qH=2be977f3ff92dd10,2022-11-07 11:08:53.449675+05:30
YLTEKC7W,Whirlpool 240 L Frost Free Triple Door Refrigerator,27990,33250,15% off,30897,3819,4.4,"['Normal Compressor', 'Built-in Stabilizer', '1 Year Warranty on Product and 10 Years Warranty on Compressor from Whirlpool']",https://www.flipkart.com/whirlpool-240-l-frost-free-triple-door-refrigerator/p/itmf7z5vhfcxysvp?pid=RFRF3HZZZYTNKSCU&lid=LSTRFRF3HZZZYTNKSCUCOA9SO&marketplace=FLIPKART&q=fridge&store=j9e%2Fabm%2Fhzg&srno=s_24_558&otracker=search&otracker1=search&fm=organic&iid=en_YJrwfd0t7seCzYDto5KnbD7lDoqFM3ZyD6v5sPTaXzpc2howF12HcuilC8WPFAfF7Rfr5RUYhX0WhJqwxOQvSg%3D%3D&ppt=None&ppn=None&ssid=sm7icf3dcg0000001667799531189&qH=2be977f3ff92dd10,2022-11-07 11:08:53.743443+05:30
H2G5EL98,Hitachi 565 L Frost Free Double Door 3 Star Refrigerator,70559,77500,8% off,33,7,4.2,"['Inverter Compressor', 'Built-in Stabilizer', '1 Year Warranty on Product and 10 Years Warranty on Compressor from Hitachi']",https://www.flipkart.com/hitachi-565-l-frost-free-double-door-3-star-refrigerator/p/itmefy3fjkffd7vz?pid=RFREFY3FGG9ACVMY&lid=LSTRFREFY3FGG9ACVMY2QPZHJ&marketplace=FLIPKART&q=fridge&store=j9e%2Fabm%2Fhzg&srno=s_24_559&otracker=search&otracker1=search&fm=organic&iid=5f04f7c8-c74d-4be1-b47d-6985cb7309df.RFREFY3FGG9ACVMY.SEARCH&ppt=None&ppn=None&ssid=sm7icf3dcg0000001667799531189&qH=2be977f3ff92dd10,2022-11-07 11:08:54.500441+05:30
01TBLUC0,SAMSUNG 230 L Direct Cool Single Door 3 Star Refrigerator,19100,20990,9% off,82,11,4.4,"['Digital Inverter Compressor', 'Built-in Stabilizer', '1 Year Warranty on Product and 10 Years on Compressor from Samsung']",https://www.flipkart.com/samsung-230-l-direct-cool-single-door-3-star-refrigerator/p/itma30f82f60ca06?pid=RFRFZKEUZXGEAXMX&lid=LSTRFRFZKEUZXGEAXMXLIAFWC&marketplace=FLIPKART&q=fridge&store=j9e%2Fabm%2Fhzg&srno=s_24_560&otracker=search&otracker1=search&fm=organic&iid=5f04f7c8-c74d-4be1-b47d-6985cb7309df.RFRFZKEUZXGEAXMX.SEARCH&ppt=None&ppn=None&ssid=sm7icf3dcg0000001667799531189&qH=2be977f3ff92dd10,2022-11-07 11:08:55.280907+05:30
551EIPO2,Whirlpool 190 L Direct Cool Single Door 3 Star Refrigerator with Base Drawer,16340,20450,20% off,820,91,4.3,"['Non Inverter Compressor', 'Built-in Stabilizer', '1 Year on Product and 10 Years on Compressor from Whirlpool']",https://www.flipkart.com/whirlpool-190-l-direct-cool-single-door-3-star-refrigerator-base-drawer/p/itm495a967730b3c?pid=RFRG4XR6ZDXBEMZR&lid=LSTRFRG4XR6ZDXBEMZRXQJ2DZ&marketplace=FLIPKART&q=fridge&store=j9e%2Fabm%2Fhzg&srno=s_24_561&otracker=search&otracker1=search&fm=organic&iid=en_YJrwfd0t7seCzYDto5KnbD7lDoqFM3ZyD6v5sPTaXzpo6PGSR38IFDEIuDbwzwI5Cik8178uFvOyLd%2F99yHoOg%3D%3D&ppt=None&ppn=None&ssid=sm7icf3dcg0000001667799531189&qH=2be977f3ff92dd10,2022-11-07 11:08:55.589588+05:30
GYLY1FZU,Whirlpool 190 L Direct Cool Single Door 2 Star Refrigerator,13540,15900,14% off,37835,3499,4.3,"['Normal Compressor', 'Built-in Stabilizer', '1 Year on Product and 10 Years on Compressor from Whirlpool']",https://www.flipkart.com/whirlpool-190-l-direct-cool-single-door-2-star-refrigerator/p/itm23de1846cafca?pid=RFRFZGFANZJHN6SB&lid=LSTRFRFZGFANZJHN6SBRJ24IH&marketplace=FLIPKART&q=fridge&store=j9e%2Fabm%2Fhzg&srno=s_24_562&otracker=search&otracker1=search&fm=organic&iid=en_YJrwfd0t7seCzYDto5KnbD7lDoqFM3ZyD6v5sPTaXzqZOSn1uhf%2FMPNphuhpj6eofG1q4G8NhosLJpsjXdZLzg%3D%3D&ppt=None&ppn=None&ssid=sm7icf3dcg0000001667799531189&qH=2be977f3ff92dd10,2022-11-07 11:08:55.879438+05:30
18360JAL,Whirlpool 292 L Frost Free Double Door 2 Star Convertible Refrigerator,25990,33100,21% off,4,0,4,"['Inverter Compressor', 'Built-in Stabilizer', '1 Year Warranty on Unit and 10 Years Warranty on Compressor from Whirlpool']",https://www.flipkart.com/whirlpool-292-l-frost-free-double-door-2-star-convertible-refrigerator/p/itm744fb98443739?pid=RFRFQHMSEJPXHUU5&lid=LSTRFRFQHMSEJPXHUU5NXQCPJ&marketplace=FLIPKART&q=fridge&store=j9e%2Fabm%2Fhzg&srno=s_24_563&otracker=search&otracker1=search&fm=organic&iid=5f04f7c8-c74d-4be1-b47d-6985cb7309df.RFRFQHMSEJPXHUU5.SEARCH&ppt=None&ppn=None&ssid=sm7icf3dcg0000001667799531189&qH=2be977f3ff92dd10,2022-11-07 11:08:56.868855+05:30
1PDQ9B9Y,Godrej 192 L Direct Cool Single Door 3 Star Refrigerator,18990,23490,19% off,6,1,4.7,"['Fixed Speed Compressor', '1 Year Comprehensive Warrantyon Product, 10 Year Warranty on Compressor']",https://www.flipkart.com/godrej-192-l-direct-cool-single-door-3-star-refrigerator/p/itmca7f93552422a?pid=RFRGFRXN8PNN57DT&lid=LSTRFRGFRXN8PNN57DTUXDFCQ&marketplace=FLIPKART&q=fridge&store=j9e%2Fabm%2Fhzg&srno=s_24_564&otracker=search&otracker1=search&fm=organic&iid=5f04f7c8-c74d-4be1-b47d-6985cb7309df.RFRGFRXN8PNN57DT.SEARCH&ppt=None&ppn=None&ssid=sm7icf3dcg0000001667799531189&qH=2be977f3ff92dd10,2022-11-07 11:08:57.178417+05:30
BDLMCMPZ,Whirlpool 355 L Frost Free Double Door Bottom Mount 3 Star Convertible Refrigerator,47490,59150,19% off,59,9,4.2,"['Intellisense Inverter Compressor', 'Built-in Stabilizer', '1 Year Warranty on Product and 10 Years on Compressor']",https://www.flipkart.com/whirlpool-355-l-frost-free-double-door-bottom-mount-3-star-convertible-refrigerator/p/itm5637b015d2b32?pid=RFRFZYY7WWHR7FGG&lid=LSTRFRFZYY7WWHR7FGGEEUVKW&marketplace=FLIPKART&q=fridge&store=j9e%2Fabm%2Fhzg&srno=s_24_565&otracker=search&otracker1=search&fm=organic&iid=5f04f7c8-c74d-4be1-b47d-6985cb7309df.RFRFZYY7WWHR7FGG.SEARCH&ppt=None&ppn=None&ssid=sm7icf3dcg0000001667799531189&qH=2be977f3ff92dd10,2022-11-07 11:08:57.968249+05:30
J0Y5IZQV,Haier 258 L Frost Free Double Door Top Mount 2 Star Convertible Refrigerator,22490,35600,36% off,0,0,0,"['Normal Compressor', '1 Year Warranty on Product and 10 Years Warranty on Compressor from Haier']",https://www.flipkart.com/haier-258-l-frost-free-double-door-top-mount-2-star-convertible-refrigerator/p/itmfeb5f183cbec7?pid=RFRG4SA78YMGFPZ7&lid=LSTRFRG4SA78YMGFPZ7AGFR2X&marketplace=FLIPKART&q=fridge&store=j9e%2Fabm%2Fhzg&srno=s_24_566&otracker=search&otracker1=search&fm=organic&iid=5f04f7c8-c74d-4be1-b47d-6985cb7309df.RFRG4SA78YMGFPZ7.SEARCH&ppt=None&ppn=None&ssid=sm7icf3dcg0000001667799531189&qH=2be977f3ff92dd10,2022-11-07 11:08:58.315372+05:30
IVZVJTBE,Whirlpool 300 L Frost Free Triple Door Refrigerator,34390,43950,21% off,30897,3819,4.4,"['Normal Compressor', 'Built-in Stabilizer', '1 Year Warranty on Product and 10 Years on Compressor From Whirlpool']",https://www.flipkart.com/whirlpool-300-l-frost-free-triple-door-refrigerator/p/itmexbvqq3h9zyz2?pid=RFRDZEQ7FYQ5QTSN&lid=LSTRFRDZEQ7FYQ5QTSNHFAVDN&marketplace=FLIPKART&q=fridge&store=j9e%2Fabm%2Fhzg&srno=s_24_567&otracker=search&otracker1=search&fm=organic&iid=en_YJrwfd0t7seCzYDto5KnbD7lDoqFM3ZyD6v5sPTaXzpyZCTFtfVOqcgDVzd1mvIODo5XXw04e34i8rC9wk%2FwUA%3D%3D&ppt=None&ppn=None&ssid=sm7icf3dcg0000001667799531189&qH=2be977f3ff92dd10,2022-11-07 11:08:58.675254+05:30
EOK51JQM,Whirlpool 190 L Direct Cool Single Door 2 Star Refrigerator,13540,16500,17% off,37835,3499,4.3,"['Normal Compressor', 'Built-in Stabilizer', '1 Year on Product and 10 Years on Compressor from Whirlpool']",https://www.flipkart.com/whirlpool-190-l-direct-cool-single-door-2-star-refrigerator/p/itm823c53fcf0200?pid=RFRFZGFADYS3UTBG&lid=LSTRFRFZGFADYS3UTBGFVSNUE&marketplace=FLIPKART&q=fridge&store=j9e%2Fabm%2Fhzg&srno=s_24_568&otracker=search&otracker1=search&fm=organic&iid=en_YJrwfd0t7seCzYDto5KnbD7lDoqFM3ZyD6v5sPTaXzqLiaObrWcoh35m%2BysZvQ7B6VmDAgCf6DMckC1h3ZnRZg%3D%3D&ppt=None&ppn=None&ssid=sm7icf3dcg0000001667799531189&qH=2be977f3ff92dd10,2022-11-07 11:08:58.986399+05:30
DP7XQ64D,Lloyd 276 L Frost Free Double Door 2 Star Refrigerator,25715,39090,34% off,0,0,0,"['Inverter Compressor', 'Built-in Stabilizer', '1 Year Domestic Warranty on Product and Additional 9 Years on Compressor']",https://www.flipkart.com/lloyd-276-l-frost-free-double-door-2-star-refrigerator/p/itm3d3f2d0c26a54?pid=RFRG2MCWV7TFZUZH&lid=LSTRFRG2MCWV7TFZUZHXOKQCB&marketplace=FLIPKART&q=fridge&store=j9e%2Fabm%2Fhzg&srno=s_24_569&otracker=search&otracker1=search&fm=organic&iid=5f04f7c8-c74d-4be1-b47d-6985cb7309df.RFRG2MCWV7TFZUZH.SEARCH&ppt=None&ppn=None&ssid=sm7icf3dcg0000001667799531189&qH=2be977f3ff92dd10,2022-11-07 11:08:59.869433+05:30
5JUCDIC1,Haier 276 L Frost Free Double Door 3 Star Refrigerator,33990,53300,36% off,32,5,4,"['Normal Compressor', 'Built-in Stabilizer', '1 Year Warranty on Product and 10 Years Warranty on Compressor from Haier']",https://www.flipkart.com/haier-276-l-frost-free-double-door-3-star-refrigerator/p/itm21f80bbf88edb?pid=RFRFGF8DHP3TEJSA&lid=LSTRFRFGF8DHP3TEJSAIXXSY5&marketplace=FLIPKART&q=fridge&store=j9e%2Fabm%2Fhzg&srno=s_24_570&otracker=search&otracker1=search&fm=organic&iid=5f04f7c8-c74d-4be1-b47d-6985cb7309df.RFRFGF8DHP3TEJSA.SEARCH&ppt=None&ppn=None&ssid=sm7icf3dcg0000001667799531189&qH=2be977f3ff92dd10,2022-11-07 11:09:00.750956+05:30
6MJF0WZ9,Whirlpool 190 L Direct Cool Single Door 3 Star Refrigerator,15340,18000,14% off,622,47,4.3,"['Non Inverter Compressor', 'Built-in Stabilizer', '1 Year on Product and 10 Years on Compressor from Whirlpool']",https://www.flipkart.com/whirlpool-190-l-direct-cool-single-door-3-star-refrigerator/p/itmc4870feb17803?pid=RFRG4XR689KTY9QT&lid=LSTRFRG4XR689KTY9QTJUWMVD&marketplace=FLIPKART&q=fridge&store=j9e%2Fabm%2Fhzg&srno=s_24_571&otracker=search&otracker1=search&fm=organic&iid=en_YJrwfd0t7seCzYDto5KnbD7lDoqFM3ZyD6v5sPTaXzogTkJlov622gY6w%2FAzFJI4SnPWXWX2eFur1r0QMwaKtQ%3D%3D&ppt=None&ppn=None&ssid=sm7icf3dcg0000001667799531189&qH=2be977f3ff92dd10,2022-11-07 11:09:01.064444+05:30
C6R0261Y,Whirlpool 190 L Direct Cool Single Door 3 Star Refrigerator,15340,17600,12% off,1327,122,4.2,"['Non Inverter Compressor', 'Built-in Stabilizer', '1 Year on Product and 10 Years on Compressor from Whirlpool']",https://www.flipkart.com/whirlpool-190-l-direct-cool-single-door-3-star-refrigerator/p/itm600cc6ce9ae49?pid=RFRG4XR6QNSM6X5H&lid=LSTRFRG4XR6QNSM6X5HUWM1ZO&marketplace=FLIPKART&q=fridge&store=j9e%2Fabm%2Fhzg&srno=s_24_572&otracker=search&otracker1=search&fm=organic&iid=en_YJrwfd0t7seCzYDto5KnbD7lDoqFM3ZyD6v5sPTaXzqplC7vzAuXDoyg%2FcW2%2BlB53RgyFZzsE5Uq1sCzOjbMWg%3D%3D&ppt=None&ppn=None&ssid=sm7icf3dcg0000001667799531189&qH=2be977f3ff92dd10,2022-11-07 11:09:01.365416+05:30
PVP8V6YS,LG 335 L Frost Free Double Door 3 Star Convertible Refrigerator,42990,46490,7% off,11,2,4.3,"['Inverter Linear Compressor', 'Built-in Stabilizer', '1 Year Warranty on Product and 10 Years on Compressor From LG']",https://www.flipkart.com/lg-335-l-frost-free-double-door-3-star-convertible-refrigerator/p/itmb40ea2cd0bbf3?pid=RFRFTZ9DNEVVKEYD&lid=LSTRFRFTZ9DNEVVKEYDEEESAC&marketplace=FLIPKART&q=fridge&store=j9e%2Fabm%2Fhzg&srno=s_24_573&otracker=search&otracker1=search&fm=organic&iid=5f04f7c8-c74d-4be1-b47d-6985cb7309df.RFRFTZ9DNEVVKEYD.SEARCH&ppt=None&ppn=None&ssid=sm7icf3dcg0000001667799531189&qH=2be977f3ff92dd10,2022-11-07 11:09:01.684871+05:30
U6TF3VD1,SAMSUNG 314 L Frost Free Double Door 3 Star Refrigerator,38200,44990,15% off,0,0,0,"['Digital Inverter Compressor', 'Built-in Stabilizer', '1 Year Warranty on Product and 10 Years on Compressor from Samsung']",https://www.flipkart.com/samsung-314-l-frost-free-double-door-3-star-refrigerator/p/itm5eac363baddd1?pid=RFRG49A7FBEJSRPN&lid=LSTRFRG49A7FBEJSRPNQ6RNVB&marketplace=FLIPKART&q=fridge&store=j9e%2Fabm%2Fhzg&srno=s_24_574&otracker=search&otracker1=search&fm=organic&iid=5f04f7c8-c74d-4be1-b47d-6985cb7309df.RFRG49A7FBEJSRPN.SEARCH&ppt=None&ppn=None&ssid=sm7icf3dcg0000001667799531189&qH=2be977f3ff92dd10,2022-11-07 11:09:02.466431+05:30
D74PAHAS,LG 437 L Frost Free Double Door 2 Star Convertible Refrigerator,42100,56690,25% off,30,1,4.4,"['Smart Inverter Compressor', 'Built-in Stabilizer', '1 Year on Product and 10 Years on Compressor From LG']",https://www.flipkart.com/lg-437-l-frost-free-double-door-2-star-convertible-refrigerator/p/itm72bfdab65d274?pid=RFRFWGASTPXS9DMW&lid=LSTRFRFWGASTPXS9DMW2XWS8G&marketplace=FLIPKART&q=fridge&store=j9e%2Fabm%2Fhzg&srno=s_24_575&otracker=search&otracker1=search&fm=organic&iid=5f04f7c8-c74d-4be1-b47d-6985cb7309df.RFRFWGASTPXS9DMW.SEARCH&ppt=None&ppn=None&ssid=sm7icf3dcg0000001667799531189&qH=2be977f3ff92dd10,2022-11-07 11:09:02.850430+05:30
CIHPGLLP,Godrej 190 L Direct Cool Single Door 3 Star Refrigerator  with Intelligent Inverter Compressor,14690,15490,5% off,5564,576,4.3,"['Inverter', 'Built-in Stabilizer', '1 Year Warranty on product and 10 Years Warranty on Compressor from Godrej']",https://www.flipkart.com/godrej-190-l-direct-cool-single-door-3-star-refrigerator-intelligent-inverter-compressor/p/itmaea68ae5b0f53?pid=RFRFZCW3CBWBNP3A&lid=LSTRFRFZCW3CBWBNP3A4UAUI1&marketplace=FLIPKART&q=fridge&store=j9e%2Fabm%2Fhzg&srno=s_24_576&otracker=search&otracker1=search&fm=organic&iid=5f04f7c8-c74d-4be1-b47d-6985cb7309df.RFRFZCW3CBWBNP3A.SEARCH&ppt=None&ppn=None&ssid=sm7icf3dcg0000001667799531189&qH=2be977f3ff92dd10,2022-11-07 11:09:03.142617+05:30
K4XZJ9EQ,Whirlpool 190 L Direct Cool Single Door 2 Star Refrigerator,12990,15600,16% off,37835,3499,4.3,"['Normal Compressor', 'Built-in Stabilizer', '1 Year on Product and 10 Years on Compressor from Whirlpool']",https://www.flipkart.com/whirlpool-190-l-direct-cool-single-door-2-star-refrigerator/p/itmf6b4c3749b7e4?pid=RFRFZGFAGZUJTXWF&lid=LSTRFRFZGFAGZUJTXWFPDDAKA&marketplace=FLIPKART&q=fridge&store=j9e%2Fabm%2Fhzg&srno=s_25_577&otracker=search&otracker1=search&fm=organic&iid=en_LxPU%2BKM0hYTcIcQYacBLDqvs0cHTp%2FpgXII1lDfb%2FdfUlhTTvtxF8YXZNEiieJaLUxBERcvvxLbebUgcQtk5mQ%3D%3D&ppt=None&ppn=None&ssid=pghqk4x5b40000001667799544337&qH=2be977f3ff92dd10,2022-11-07 11:09:04.224309+05:30
6CD0RG6B,Whirlpool 190 L Direct Cool Single Door 3 Star Refrigerator with Base Drawer,16340,20450,20% off,820,91,4.3,"['Non Inverter Compressor', 'Built-in Stabilizer', '1 Year on Product and 10 Years on Compressor from Whirlpool']",https://www.flipkart.com/whirlpool-190-l-direct-cool-single-door-3-star-refrigerator-base-drawer/p/itm495a967730b3c?pid=RFRG4XR6ZDXBEMZR&lid=LSTRFRG4XR6ZDXBEMZRXQJ2DZ&marketplace=FLIPKART&q=fridge&store=j9e%2Fabm%2Fhzg&srno=s_25_578&otracker=search&otracker1=search&fm=organic&iid=en_LxPU%2BKM0hYTcIcQYacBLDqvs0cHTp%2FpgXII1lDfb%2FdeeWGh6e2XuCvMDg5esFZFqCik8178uFvOyLd%2F99yHoOg%3D%3D&ppt=None&ppn=None&ssid=pghqk4x5b40000001667799544337&qH=2be977f3ff92dd10,2022-11-07 11:09:04.527205+05:30
17VXHLEV,SAMSUNG 407 L Frost Free Double Door 3 Star Refrigerator,49990,68990,27% off,0,0,0,"['Digital Inverter Compressor', 'Built-in Stabilizer', '1 Year Warranty on Product and 10 Years Warranty on Compressor From Samsung']",https://www.flipkart.com/samsung-407-l-frost-free-double-door-3-star-refrigerator/p/itm0a5fc13b0d7f9?pid=RFRGGUUX7CYKVHSF&lid=LSTRFRGGUUX7CYKVHSFVXPF6I&marketplace=FLIPKART&q=fridge&store=j9e%2Fabm%2Fhzg&srno=s_25_579&otracker=search&otracker1=search&fm=organic&iid=b50365a4-471d-47b6-af30-67f668a878a4.RFRGGUUX7CYKVHSF.SEARCH&ppt=None&ppn=None&ssid=pghqk4x5b40000001667799544337&qH=2be977f3ff92dd10,2022-11-07 11:09:05.378118+05:30
SML5VUNG,Motorola 592 L Smart Wifi Enabled Frost Free Side by Side Refrigerator,56799,78999,28% off,613,119,4.2,"['Inverter Compressor', 'Built-in Stabilizer', '1 Year Warranty on Product and 10 Years on Compressor']",https://www.flipkart.com/motorola-592-l-smart-wifi-enabled-frost-free-side-refrigerator/p/itm721410df2d297?pid=RFRFSHFHAXAWMPTM&lid=LSTRFRFSHFHAXAWMPTMMRIE1L&marketplace=FLIPKART&q=fridge&store=j9e%2Fabm%2Fhzg&srno=s_25_580&otracker=search&otracker1=search&fm=organic&iid=b50365a4-471d-47b6-af30-67f668a878a4.RFRFSHFHAXAWMPTM.SEARCH&ppt=None&ppn=None&ssid=pghqk4x5b40000001667799544337&qH=2be977f3ff92dd10,2022-11-07 11:09:26.419199+05:30
ZT7TF1W9,Whirlpool 190 L Direct Cool Single Door 2 Star Refrigerator,13540,15900,14% off,37835,3499,4.3,"['Normal Compressor', 'Built-in Stabilizer', '1 Year on Product and 10 Years on Compressor from Whirlpool']",https://www.flipkart.com/whirlpool-190-l-direct-cool-single-door-2-star-refrigerator/p/itm23de1846cafca?pid=RFRFZGFANZJHN6SB&lid=LSTRFRFZGFANZJHN6SBRJ24IH&marketplace=FLIPKART&q=fridge&store=j9e%2Fabm%2Fhzg&srno=s_25_581&otracker=search&otracker1=search&fm=organic&iid=en_LxPU%2BKM0hYTcIcQYacBLDqvs0cHTp%2FpgXII1lDfb%2FdcJOpzbcl82DO8kBHO5CdvIfG1q4G8NhosLJpsjXdZLzg%3D%3D&ppt=None&ppn=None&ssid=pghqk4x5b40000001667799544337&qH=2be977f3ff92dd10,2022-11-07 11:09:26.763499+05:30
ZS66QV9Q,Whirlpool 190 L Direct Cool Single Door 3 Star Refrigerator with Base Drawer,16340,19500,16% off,444,34,4.3,"['Non Inverter Compressor', 'Built-in Stabilizer', '1 Year on Product and 10 Years on Compressor from Whirlpool']",https://www.flipkart.com/whirlpool-190-l-direct-cool-single-door-3-star-refrigerator-base-drawer/p/itmd625ad7498750?pid=RFRG4XR6FXK3XANH&lid=LSTRFRG4XR6FXK3XANH2QMZGI&marketplace=FLIPKART&q=fridge&store=j9e%2Fabm%2Fhzg&srno=s_25_582&otracker=search&otracker1=search&fm=organic&iid=en_LxPU%2BKM0hYTcIcQYacBLDqvs0cHTp%2FpgXII1lDfb%2FddS8agvnQGgOiRZWLPbtVOPMGzOfXGzGk9IKwrcXp9P4A%3D%3D&ppt=None&ppn=None&ssid=pghqk4x5b40000001667799544337&qH=2be977f3ff92dd10,2022-11-07 11:09:27.084340+05:30
FE2O7YWH,LG 190 L Direct Cool Single Door 3 Star Refrigerator,16290,21199,23% off,20,2,4.3,"['Reciprocating Compressor', 'Built-in Stabilizer', '1 Year on Product and 10 Years on Compressor From LG']",https://www.flipkart.com/lg-190-l-direct-cool-single-door-3-star-refrigerator/p/itm7ca9f25658e0b?pid=RFRGBHYVGZ2FHPFM&lid=LSTRFRGBHYVGZ2FHPFMTNF8IF&marketplace=FLIPKART&q=fridge&store=j9e%2Fabm%2Fhzg&srno=s_25_583&otracker=search&otracker1=search&fm=organic&iid=b50365a4-471d-47b6-af30-67f668a878a4.RFRGBHYVGZ2FHPFM.SEARCH&ppt=None&ppn=None&ssid=pghqk4x5b40000001667799544337&qH=2be977f3ff92dd10,2022-11-07 11:09:28.170398+05:30
S5DBRTND,LG 408 L Frost Free Double Door 3 Star Convertible Refrigerator,48450,63999,24% off,0,0,0,"['Smart Inverter Compressor', 'Built-in Stabilizer', '1 Year Warranty on Product and 10 Years on Compressor from LG']",https://www.flipkart.com/lg-408-l-frost-free-double-door-3-star-convertible-refrigerator/p/itm12c12d7dd3ab5?pid=RFRGFEFFT3AFP8QZ&lid=LSTRFRGFEFFT3AFP8QZTTGWLC&marketplace=FLIPKART&q=fridge&store=j9e%2Fabm%2Fhzg&srno=s_25_584&otracker=search&otracker1=search&fm=organic&iid=b50365a4-471d-47b6-af30-67f668a878a4.RFRGFEFFT3AFP8QZ.SEARCH&ppt=None&ppn=None&ssid=pghqk4x5b40000001667799544337&qH=2be977f3ff92dd10,2022-11-07 11:09:28.468155+05:30
2KQJB12L,LG 215 L Direct Cool Single Door 3 Star Refrigerator with Base Drawer,19490,26099,25% off,0,0,0,"['Reciprocating Compressor', 'Built-in Stabilizer', '1 Year Warranty on Product and 10 Years Warranty on Compressor From LG']",https://www.flipkart.com/lg-215-l-direct-cool-single-door-3-star-refrigerator-base-drawer/p/itm9160baa31846e?pid=RFRGGKS3ZGVJCHT9&lid=LSTRFRGGKS3ZGVJCHT9JKZEOI&marketplace=FLIPKART&q=fridge&store=j9e%2Fabm%2Fhzg&srno=s_25_585&otracker=search&otracker1=search&fm=organic&iid=b50365a4-471d-47b6-af30-67f668a878a4.RFRGGKS3ZGVJCHT9.SEARCH&ppt=None&ppn=None&ssid=pghqk4x5b40000001667799544337&qH=2be977f3ff92dd10,2022-11-07 11:09:29.210081+05:30
VXU4KCRY,SAMSUNG 230 L Direct Cool Single Door 3 Star Refrigerator,19399,20657,6% off,9,0,4.7,"['Digital Inverter Compressor', 'Built-in Stabilizer', '1 Year Warranty on Product and 10 Years on Compressor from Samsung']",https://www.flipkart.com/samsung-230-l-direct-cool-single-door-3-star-refrigerator/p/itm51203ce76fec3?pid=RFRFZKEUZJZQHTXA&lid=LSTRFRFZKEUZJZQHTXAB7FCVG&marketplace=FLIPKART&q=fridge&store=j9e%2Fabm%2Fhzg&srno=s_25_586&otracker=search&otracker1=search&fm=organic&iid=b50365a4-471d-47b6-af30-67f668a878a4.RFRFZKEUZJZQHTXA.SEARCH&ppt=None&ppn=None&ssid=pghqk4x5b40000001667799544337&qH=2be977f3ff92dd10,2022-11-07 11:09:30.009561+05:30
KFV1TUIH,Whirlpool 190 L Direct Cool Single Door 2 Star Refrigerator,13540,16500,17% off,37835,3499,4.3,"['Normal Compressor', 'Built-in Stabilizer', '1 Year on Product and 10 Years on Compressor from Whirlpool']",https://www.flipkart.com/whirlpool-190-l-direct-cool-single-door-2-star-refrigerator/p/itm823c53fcf0200?pid=RFRFZGFADYS3UTBG&lid=LSTRFRFZGFADYS3UTBGFVSNUE&marketplace=FLIPKART&q=fridge&store=j9e%2Fabm%2Fhzg&srno=s_25_587&otracker=search&otracker1=search&fm=organic&iid=en_LxPU%2BKM0hYTcIcQYacBLDqvs0cHTp%2FpgXII1lDfb%2FdfH8oycywGweUwdCFuCPxqY6VmDAgCf6DMckC1h3ZnRZg%3D%3D&ppt=None&ppn=None&ssid=pghqk4x5b40000001667799544337&qH=2be977f3ff92dd10,2022-11-07 11:09:30.314272+05:30
RAZB5TEQ,Whirlpool 190 L Direct Cool Single Door 3 Star Refrigerator,15340,18000,14% off,622,47,4.3,"['Non Inverter Compressor', 'Built-in Stabilizer', '1 Year on Product and 10 Years on Compressor from Whirlpool']",https://www.flipkart.com/whirlpool-190-l-direct-cool-single-door-3-star-refrigerator/p/itmc4870feb17803?pid=RFRG4XR689KTY9QT&lid=LSTRFRG4XR689KTY9QTJUWMVD&marketplace=FLIPKART&q=fridge&store=j9e%2Fabm%2Fhzg&srno=s_25_588&otracker=search&otracker1=search&fm=organic&iid=en_LxPU%2BKM0hYTcIcQYacBLDqvs0cHTp%2FpgXII1lDfb%2FddbxZmfDfoccgHCJaPPW0cNSnPWXWX2eFur1r0QMwaKtQ%3D%3D&ppt=None&ppn=None&ssid=pghqk4x5b40000001667799544337&qH=2be977f3ff92dd10,2022-11-07 11:09:30.635202+05:30
R46KZHE2,LG 215 L Frost Free Single Door 3 Star Refrigerator,19490,26099,25% off,0,0,0,"['Inverter', 'Built-in Stabilizer', '1 Year Warranty on Product and 10 Years on Compressor from LG']",https://www.flipkart.com/lg-215-l-frost-free-single-door-3-star-refrigerator/p/itm9160baa31846e?pid=RFRGHCRFXJT8R3HN&lid=LSTRFRGHCRFXJT8R3HNVVZTCE&marketplace=FLIPKART&q=fridge&store=j9e%2Fabm%2Fhzg&srno=s_25_589&otracker=search&otracker1=search&fm=organic&iid=b50365a4-471d-47b6-af30-67f668a878a4.RFRGHCRFXJT8R3HN.SEARCH&ppt=None&ppn=None&ssid=pghqk4x5b40000001667799544337&qH=2be977f3ff92dd10,2022-11-07 11:09:30.995354+05:30
8C74OQRE,LG 190 L Direct Cool Single Door 1 Star Refrigerator,13699,15599,12% off,0,0,0,"['RECIPROCATING COMPRESSOR', 'Built-in Stabilizer', '1 Year on Refrigerator Unit and 5 Years on Compressor from LG']",https://www.flipkart.com/lg-190-l-direct-cool-single-door-1-star-refrigerator/p/itm363eb638035ed?pid=RFRGCURZ3BVRUFJR&lid=LSTRFRGCURZ3BVRUFJRCE7JUE&marketplace=FLIPKART&q=fridge&store=j9e%2Fabm%2Fhzg&srno=s_25_590&otracker=search&otracker1=search&fm=organic&iid=b50365a4-471d-47b6-af30-67f668a878a4.RFRGCURZ3BVRUFJR.SEARCH&ppt=None&ppn=None&ssid=pghqk4x5b40000001667799544337&qH=2be977f3ff92dd10,2022-11-07 11:09:31.954354+05:30
C7T2DDZN,Whirlpool 190 L Direct Cool Single Door 3 Star Refrigerator,15340,17600,12% off,1327,122,4.2,"['Non Inverter Compressor', 'Built-in Stabilizer', '1 Year on Product and 10 Years on Compressor from Whirlpool']",https://www.flipkart.com/whirlpool-190-l-direct-cool-single-door-3-star-refrigerator/p/itm600cc6ce9ae49?pid=RFRG4XR6QNSM6X5H&lid=LSTRFRG4XR6QNSM6X5HUWM1ZO&marketplace=FLIPKART&q=fridge&store=j9e%2Fabm%2Fhzg&srno=s_25_591&otracker=search&otracker1=search&fm=organic&iid=en_LxPU%2BKM0hYTcIcQYacBLDqvs0cHTp%2FpgXII1lDfb%2FddB8zQAfOfGtNZn89DC0Caq3RgyFZzsE5Uq1sCzOjbMWg%3D%3D&ppt=None&ppn=None&ssid=pghqk4x5b40000001667799544337&qH=2be977f3ff92dd10,2022-11-07 11:09:32.251394+05:30
7F1F4QKP,Whirlpool 190 L Direct Cool Single Door 3 Star Refrigerator,14640,17000,13% off,37835,3499,4.3,"['Normal Compressor', 'Built-in Stabilizer', '1 Year on Product and 10 Years on Compressor from Whirlpool']",https://www.flipkart.com/whirlpool-190-l-direct-cool-single-door-3-star-refrigerator/p/itmafa0a476dffe1?pid=RFRFZGFAHQ7VQXZF&lid=LSTRFRFZGFAHQ7VQXZFLUB4OV&marketplace=FLIPKART&q=fridge&store=j9e%2Fabm%2Fhzg&srno=s_25_592&otracker=search&otracker1=search&fm=organic&iid=en_LxPU%2BKM0hYTcIcQYacBLDqvs0cHTp%2FpgXII1lDfb%2FdeMRvz2OXHtlaVBKSDCTTrV9id%2Byr2a%2Frjl%2FtNWn3LZxQ%3D%3D&ppt=None&ppn=None&ssid=pghqk4x5b40000001667799544337&qH=2be977f3ff92dd10,2022-11-07 11:09:32.555674+05:30
TDIR2KDF,Haier 278 L Frost Free Double Door 3 Star Convertible Refrigerator,28290,41000,31% off,634,59,4.4,"['Inverter Compressor', 'Built-in Stabilizer', '1 Year Warranty on Product and 10 Years Warranty on Compressor']",https://www.flipkart.com/haier-278-l-frost-free-double-door-3-star-convertible-refrigerator/p/itm9efd83a57b201?pid=RFRGGSH53APHMPZJ&lid=LSTRFRGGSH53APHMPZJBEO8NW&marketplace=FLIPKART&q=fridge&store=j9e%2Fabm%2Fhzg&srno=s_25_593&otracker=search&otracker1=search&fm=organic&iid=b50365a4-471d-47b6-af30-67f668a878a4.RFRGGSH53APHMPZJ.SEARCH&ppt=None&ppn=None&ssid=pghqk4x5b40000001667799544337&qH=2be977f3ff92dd10,2022-11-07 11:09:32.845872+05:30
PC9EB2TC,SAMSUNG 198 L Direct Cool Single Door 4 Star Refrigerator with Base Drawer,18500,20990,11% off,34,5,4.7,"['Digital Inverter Compressor', 'Built-in Stabilizer', '1 Year Warranty on Product and 10 Years on Compressor from Samsung']",https://www.flipkart.com/samsung-198-l-direct-cool-single-door-4-star-refrigerator-base-drawer/p/itma76d1599f0a0d?pid=RFRG5VFET2DGKYAK&lid=LSTRFRG5VFET2DGKYAK2FBCIV&marketplace=FLIPKART&q=fridge&store=j9e%2Fabm%2Fhzg&srno=s_25_594&otracker=search&otracker1=search&fm=organic&iid=b50365a4-471d-47b6-af30-67f668a878a4.RFRG5VFET2DGKYAK.SEARCH&ppt=None&ppn=None&ssid=pghqk4x5b40000001667799544337&qH=2be977f3ff92dd10,2022-11-07 11:09:33.620005+05:30
LMJUUDEF,Whirlpool 200 L Direct Cool Single Door 3 Star Refrigerator with Base Drawer,17039,22000,22% off,9500,1076,4.4,"['Non Inverter Compressor', 'Built-in Stabilizer', '1 Year on Product and 10 Years on Compressor from Whirlpool']",https://www.flipkart.com/whirlpool-200-l-direct-cool-single-door-3-star-refrigerator-base-drawer/p/itm34e06ce5340aa?pid=RFRFZAH57THHHHPN&lid=LSTRFRFZAH57THHHHPNACLNYP&marketplace=FLIPKART&q=fridge&store=j9e%2Fabm%2Fhzg&srno=s_25_595&otracker=search&otracker1=search&fm=organic&iid=b50365a4-471d-47b6-af30-67f668a878a4.RFRFZAH57THHHHPN.SEARCH&ppt=None&ppn=None&ssid=pghqk4x5b40000001667799544337&qH=2be977f3ff92dd10,2022-11-07 11:09:34.480965+05:30
BUUBGY24,Whirlpool 190 L Direct Cool Single Door 3 Star Refrigerator,14640,18700,21% off,37835,3499,4.3,"['Normal Compressor', 'Built-in Stabilizer', '1 Year on Product and 10 Years on Compressor from Whirlpool']",https://www.flipkart.com/whirlpool-190-l-direct-cool-single-door-3-star-refrigerator/p/itm94a1658747a65?pid=RFRFZGFAFJAANRWP&lid=LSTRFRFZGFAFJAANRWPKN0PYK&marketplace=FLIPKART&q=fridge&store=j9e%2Fabm%2Fhzg&srno=s_25_596&otracker=search&otracker1=search&fm=organic&iid=b50365a4-471d-47b6-af30-67f668a878a4.RFRFZGFAFJAANRWP.SEARCH&ppt=None&ppn=None&ssid=pghqk4x5b40000001667799544337&qH=2be977f3ff92dd10,2022-11-07 11:09:34.785325+05:30
GM0AS2UI,Whirlpool 190 L Direct Cool Single Door 3 Star Refrigerator,14000,18700,25% off,37835,3499,4.3,"['Normal Compressor', 'Built-in Stabilizer', '1 Year on Product and 10 Years on Compressor from Whirlpool']",https://www.flipkart.com/whirlpool-190-l-direct-cool-single-door-3-star-refrigerator/p/itmf8e85786b09ef?pid=RFRFZGFAMXNUREWN&lid=LSTRFRFZGFAMXNUREWN3V8KEL&marketplace=FLIPKART&q=fridge&store=j9e%2Fabm%2Fhzg&srno=s_25_597&otracker=search&otracker1=search&fm=organic&iid=en_LxPU%2BKM0hYTcIcQYacBLDqvs0cHTp%2FpgXII1lDfb%2Fdc%2FjTt9Gp9g7NowIhE%2FybwhMS96o%2BR53YD60lqIk4fxYw%3D%3D&ppt=None&ppn=None&ssid=pghqk4x5b40000001667799544337&qH=2be977f3ff92dd10,2022-11-07 11:09:35.075452+05:30
YX9116Z8,MITASHI 510 L Frost Free Side by Side Inverter Technology Star Refrigerator,44341,72990,39% off,39,7,4,"['Reciprocatory Compressor', '1 Year Warranty on Product and 5 Years Warranty on Compressor']",https://www.flipkart.com/mitashi-510-l-frost-free-side-inverter-technology-star-refrigerator/p/itmf7hbsvyqdnjgh?pid=RFRF7HBSGRTFFRHT&lid=LSTRFRF7HBSGRTFFRHTITDNFU&marketplace=FLIPKART&q=fridge&store=j9e%2Fabm%2Fhzg&srno=s_25_598&otracker=search&otracker1=search&fm=organic&iid=b50365a4-471d-47b6-af30-67f668a878a4.RFRF7HBSGRTFFRHT.SEARCH&ppt=None&ppn=None&ssid=pghqk4x5b40000001667799544337&qH=2be977f3ff92dd10,2022-11-07 11:09:36.052386+05:30
SZ5531MR,SAMSUNG 253 L Frost Free Double Door 2 Star Refrigerator with Base Drawer,26990,27990,3% off,0,0,0,"['Digital Inverter Compressor', 'Built-in Stabilizer', '1 Year Warranty on Product and 10 Years on Compressor']",https://www.flipkart.com/samsung-253-l-frost-free-double-door-2-star-refrigerator-base-drawer/p/itmcb2b0b6752f06?pid=RFRFZGJCZSXVHHTS&lid=LSTRFRFZGJCZSXVHHTSMPVMFV&marketplace=FLIPKART&q=fridge&store=j9e%2Fabm%2Fhzg&srno=s_25_599&otracker=search&otracker1=search&fm=organic&iid=b50365a4-471d-47b6-af30-67f668a878a4.RFRFZGJCZSXVHHTS.SEARCH&ppt=None&ppn=None&ssid=pghqk4x5b40000001667799544337&qH=2be977f3ff92dd10,2022-11-07 11:09:36.893368+05:30
LETSRSZH,LG 360 L Direct Cool Double Door 3 Star Refrigerator,46590,51490,9% off,6,0,4.7,"['Inverter Linear Compressor', 'Built-in Stabilizer', '1 Year Warranty on Product and 10 Years Warranty on Compressor from LG']",https://www.flipkart.com/lg-360-l-direct-cool-double-door-3-star-refrigerator/p/itm3fa93c434fda5?pid=RFRFPHH7GRF6FQXB&lid=LSTRFRFPHH7GRF6FQXBWOID3F&marketplace=FLIPKART&q=fridge&store=j9e%2Fabm%2Fhzg&srno=s_25_600&otracker=search&otracker1=search&fm=organic&iid=b50365a4-471d-47b6-af30-67f668a878a4.RFRFPHH7GRF6FQXB.SEARCH&ppt=None&ppn=None&ssid=pghqk4x5b40000001667799544337&qH=2be977f3ff92dd10,2022-11-07 11:09:37.269387+05:30
3HRJ7R5F,Whirlpool 200 L Direct Cool Single Door 4 Star Refrigerator,19250,23300,17% off,0,0,0,"['inverter compressor', '1 Year Warranty on Unit and 10 Years Warranty on Compressor']",https://www.flipkart.com/whirlpool-200-l-direct-cool-single-door-4-star-refrigerator/p/itm255c72a388a15?pid=RFRGG22ZV6ZVSFBG&lid=LSTRFRGG22ZV6ZVSFBGCMFLJI&marketplace=FLIPKART&q=fridge&store=j9e%2Fabm%2Fhzg&srno=s_26_601&otracker=search&otracker1=search&fm=organic&iid=cf132693-3b9c-4bf4-b5aa-e759217012cb.RFRGG22ZV6ZVSFBG.SEARCH&ppt=None&ppn=None&ssid=ru8sfu8tqo0000001667799578413&qH=2be977f3ff92dd10,2022-11-07 11:09:38.672219+05:30
AC8DGL4M,LG 190 L Direct Cool Single Door 3 Star Refrigerator,15890,18990,16% off,7345,875,4.4,"['Normal Compressor', 'Built-in Stabilizer', '1 Year on Refrigrator Unit and 5 Years on Compressor']",https://www.flipkart.com/lg-190-l-direct-cool-single-door-3-star-refrigerator/p/itmfd1a43ba8c66f?pid=RFRFZZ8YSVDPAQ7B&lid=LSTRFRFZZ8YSVDPAQ7BNY88RA&marketplace=FLIPKART&q=fridge&store=j9e%2Fabm%2Fhzg&srno=s_26_602&otracker=search&otracker1=search&fm=organic&iid=cf132693-3b9c-4bf4-b5aa-e759217012cb.RFRFZZ8YSVDPAQ7B.SEARCH&ppt=None&ppn=None&ssid=ru8sfu8tqo0000001667799578413&qH=2be977f3ff92dd10,2022-11-07 11:09:39.023390+05:30
397ZHK1U,LG 260 L Frost Free Double Door Top Mount 2 Star Refrigerator,24699,27590,10% off,35,6,4.3,"['INVERTER COMPRESSOR', 'Built-in Stabilizer', '1 Year Warranty on Product and 10 Years on Compressor from LG']",https://www.flipkart.com/lg-260-l-frost-free-double-door-top-mount-2-star-refrigerator/p/itmd04a820cbe4ab?pid=RFRG4VJSZ2HTHSTZ&lid=LSTRFRG4VJSZ2HTHSTZACRFM4&marketplace=FLIPKART&q=fridge&store=j9e%2Fabm%2Fhzg&srno=s_26_603&otracker=search&otracker1=search&fm=organic&iid=cf132693-3b9c-4bf4-b5aa-e759217012cb.RFRG4VJSZ2HTHSTZ.SEARCH&ppt=None&ppn=None&ssid=ru8sfu8tqo0000001667799578413&qH=2be977f3ff92dd10,2022-11-07 11:09:39.337395+05:30
AQ1TDQM1,Haier 376 L Frost Free Double Door 3 Star Convertible Refrigerator,49490,77400,36% off,0,0,0,"['Inverter Compressor', 'Built-in Stabilizer', '1 Year Warranty on Product and 10 Years Warranty on Compressor']",https://www.flipkart.com/haier-376-l-frost-free-double-door-3-star-convertible-refrigerator/p/itm2980274dcf9ad?pid=RFRGGUQURFDRDQTZ&lid=LSTRFRGGUQURFDRDQTZ1RXWVO&marketplace=FLIPKART&q=fridge&store=j9e%2Fabm%2Fhzg&srno=s_26_604&otracker=search&otracker1=search&fm=organic&iid=cf132693-3b9c-4bf4-b5aa-e759217012cb.RFRGGUQURFDRDQTZ.SEARCH&ppt=None&ppn=None&ssid=ru8sfu8tqo0000001667799578413&qH=2be977f3ff92dd10,2022-11-07 11:09:39.819601+05:30
KB8U00TM,LG 215 L Direct Cool Single Door 5 Star Refrigerator with Base Drawer,28965,29099,0,0,0,0,"['Smart Inverter Compressor', 'Built-in Stabilizer', '1 Year Warranty on Product and 10 Years Warranty on Compressor']",https://www.flipkart.com/lg-215-l-direct-cool-single-door-5-star-refrigerator-base-drawer/p/itm91778b653caae?pid=RFRGGBY5HWR4MDSD&lid=LSTRFRGGBY5HWR4MDSD2KDIXA&marketplace=FLIPKART&q=fridge&store=j9e%2Fabm%2Fhzg&srno=s_26_605&otracker=search&otracker1=search&fm=organic&iid=cf132693-3b9c-4bf4-b5aa-e759217012cb.RFRGGBY5HWR4MDSD.SEARCH&ppt=None&ppn=None&ssid=ru8sfu8tqo0000001667799578413&qH=2be977f3ff92dd10,2022-11-07 11:09:40.616240+05:30
TZ0YGCXT,BOSCH 347 L Frost Free Double Door 3 Star Refrigerator,34490,42499,18% off,126,19,4.3,"['Vario Inverter Compressor', 'Built-in Stabilizer', '1 Year on Product and 10 Years on Compressor from Bosch']",https://www.flipkart.com/bosch-347-l-frost-free-double-door-3-star-refrigerator/p/itmeb2a72c4712e7?pid=RFRFV6GEEHYQZ3UF&lid=LSTRFRFV6GEEHYQZ3UF51RA4F&marketplace=FLIPKART&q=fridge&store=j9e%2Fabm%2Fhzg&srno=s_26_606&otracker=search&otracker1=search&fm=organic&iid=cf132693-3b9c-4bf4-b5aa-e759217012cb.RFRFV6GEEHYQZ3UF.SEARCH&ppt=None&ppn=None&ssid=ru8sfu8tqo0000001667799578413&qH=2be977f3ff92dd10,2022-11-07 11:09:41.455083+05:30
559V2JY6,BOSCH 661 L Frost Free Side by Side Refrigerator,96875,129420,25% off,13,1,4.9,"['Inverter Compressor', '1 Year Warranty on Product and 10 Years Warranty on Compressor from Bosch']",https://www.flipkart.com/bosch-661-l-frost-free-side-refrigerator/p/itmeugq9yahpcheh?pid=RFREUGQ9FFZNZRHP&lid=LSTRFREUGQ9FFZNZRHPMNAMI5&marketplace=FLIPKART&q=fridge&store=j9e%2Fabm%2Fhzg&srno=s_26_607&otracker=search&otracker1=search&fm=organic&iid=cf132693-3b9c-4bf4-b5aa-e759217012cb.RFREUGQ9FFZNZRHP.SEARCH&ppt=None&ppn=None&ssid=ru8sfu8tqo0000001667799578413&qH=2be977f3ff92dd10,2022-11-07 11:09:41.764365+05:30
9VC4US18,Whirlpool 245 L Frost Free Double Door 2 Star Refrigerator,22900,32200,28% off,9,0,3.9,"['Digital Inverter', 'Built-in Stabilizer', '1 Year on Product and 10 Years on Compressor From Whirlpool']",https://www.flipkart.com/whirlpool-245-l-frost-free-double-door-2-star-refrigerator/p/itmff5f8ccdeac53?pid=RFRFQHMSAGYAYGWT&lid=LSTRFRFQHMSAGYAYGWTIQQTK4&marketplace=FLIPKART&q=fridge&store=j9e%2Fabm%2Fhzg&srno=s_26_608&otracker=search&otracker1=search&fm=organic&iid=cf132693-3b9c-4bf4-b5aa-e759217012cb.RFRFQHMSAGYAYGWT.SEARCH&ppt=None&ppn=None&ssid=ru8sfu8tqo0000001667799578413&qH=2be977f3ff92dd10,2022-11-07 11:09:42.648988+05:30
5V0JPUVQ,Haier 258 L Frost Free Double Door 3 Star Convertible Refrigerator,23490,29050,19% off,183,19,4.3,"['Normal Compressor', 'Built-in Stabilizer', '1 Year Warranty on Product and 10 Years Warranty on Compressor from Haier']",https://www.flipkart.com/haier-258-l-frost-free-double-door-3-star-convertible-refrigerator/p/itmf36q6nz7srzwh?pid=RFRF36Q6A7NRNPRE&lid=LSTRFRF36Q6A7NRNPREAFCGZF&marketplace=FLIPKART&q=fridge&store=j9e%2Fabm%2Fhzg&srno=s_26_609&otracker=search&otracker1=search&fm=organic&iid=cf132693-3b9c-4bf4-b5aa-e759217012cb.RFRF36Q6A7NRNPRE.SEARCH&ppt=None&ppn=None&ssid=ru8sfu8tqo0000001667799578413&qH=2be977f3ff92dd10,2022-11-07 11:09:43.478795+05:30
PRIVRUVA,Godrej 192 L Direct Cool Single Door 3 Star Refrigerator,18990,23490,19% off,6,1,4.7,"['Fixed Speed Compressor', '1 Year Comprehensive Warrantyon Product, 10 Year Warranty on Compressor']",https://www.flipkart.com/godrej-192-l-direct-cool-single-door-3-star-refrigerator/p/itm63a3519dfbebb?pid=RFRGFRXNHSRM5YNP&lid=LSTRFRGFRXNHSRM5YNP82MDF1&marketplace=FLIPKART&q=fridge&store=j9e%2Fabm%2Fhzg&srno=s_26_610&otracker=search&otracker1=search&fm=organic&iid=cf132693-3b9c-4bf4-b5aa-e759217012cb.RFRGFRXNHSRM5YNP.SEARCH&ppt=None&ppn=None&ssid=ru8sfu8tqo0000001667799578413&qH=2be977f3ff92dd10,2022-11-07 11:09:44.280961+05:30
CM38FIJY,SAMSUNG 275 L Frost Free Double Door 2 Star Refrigerator,29990,31990,6% off,4,0,4.3,"['Digital Inverter Compressor', 'Built-in Stabilizer', '1 Year Warranty on Product and 10 Years on Compressor']",https://www.flipkart.com/samsung-275-l-frost-free-double-door-2-star-refrigerator/p/itmd94e7a591ac65?pid=RFRFQNEKXF8ZCAGF&lid=LSTRFRFQNEKXF8ZCAGFP8LGPY&marketplace=FLIPKART&q=fridge&store=j9e%2Fabm%2Fhzg&srno=s_26_611&otracker=search&otracker1=search&fm=organic&iid=cf132693-3b9c-4bf4-b5aa-e759217012cb.RFRFQNEKXF8ZCAGF.SEARCH&ppt=None&ppn=None&ssid=ru8sfu8tqo0000001667799578413&qH=2be977f3ff92dd10,2022-11-07 11:09:45.198381+05:30
BNS0YPEO,LG 235 L Direct Cool Single Door 3 Star Refrigerator with Base Drawer,27899,27899,0,0,0,0,"['Smart Inverter Compressor', 'Built-in Stabilizer', '1 Year Warranty on Product and 10 Years on Compressor From LG']",https://www.flipkart.com/lg-235-l-direct-cool-single-door-3-star-refrigerator-base-drawer/p/itm52b08eefdda3d?pid=RFRGGBY5VC4U42EB&lid=LSTRFRGGBY5VC4U42EBXOB5LE&marketplace=FLIPKART&q=fridge&store=j9e%2Fabm%2Fhzg&srno=s_26_612&otracker=search&otracker1=search&fm=organic&iid=cf132693-3b9c-4bf4-b5aa-e759217012cb.RFRGGBY5VC4U42EB.SEARCH&ppt=None&ppn=None&ssid=ru8sfu8tqo0000001667799578413&qH=2be977f3ff92dd10,2022-11-07 11:09:46.004202+05:30
AANI9CVM,SAMSUNG 192 L Direct Cool Single Door 3 Star Refrigerator with Base Drawer,15890,18990,16% off,0,0,0,"['Digital Inverter Compressor', 'Built-in Stabilizer', '1 Year Warranty on Product and 10 Years Warranty on Compressor From Samsung']",https://www.flipkart.com/samsung-192-l-direct-cool-single-door-3-star-refrigerator-base-drawer/p/itma6f7e3fb0220a?pid=RFRGGUUZ6FH3HZGH&lid=LSTRFRGGUUZ6FH3HZGHIAXACA&marketplace=FLIPKART&q=fridge&store=j9e%2Fabm%2Fhzg&srno=s_26_613&otracker=search&otracker1=search&fm=organic&iid=cf132693-3b9c-4bf4-b5aa-e759217012cb.RFRGGUUZ6FH3HZGH.SEARCH&ppt=None&ppn=None&ssid=ru8sfu8tqo0000001667799578413&qH=2be977f3ff92dd10,2022-11-07 11:09:46.796355+05:30
8K006QC2,LG 190 L Direct Cool Single Door 2 Star Refrigerator,15689,19499,19% off,0,0,0,"['RECIPROCATING COMPRESSOR', 'Built-in Stabilizer', '1 Year on Refrigerator Unit and 5 Years on Compressor from LG']",https://www.flipkart.com/lg-190-l-direct-cool-single-door-2-star-refrigerator/p/itme418b979c5e64?pid=RFRGD57ZASMUB88W&lid=LSTRFRGD57ZASMUB88WGF9GRL&marketplace=FLIPKART&q=fridge&store=j9e%2Fabm%2Fhzg&srno=s_26_614&otracker=search&otracker1=search&fm=organic&iid=cf132693-3b9c-4bf4-b5aa-e759217012cb.RFRGD57ZASMUB88W.SEARCH&ppt=None&ppn=None&ssid=ru8sfu8tqo0000001667799578413&qH=2be977f3ff92dd10,2022-11-07 11:09:47.676375+05:30
WCALA5OY,Whirlpool 260 L Frost Free Triple Door Refrigerator,29890,36700,18% off,30897,3819,4.4,"['Normal Compressor', 'Built-in Stabilizer', '1 Year Warranty on Product and 10 Years Warranty on Compressor from Whirlpool']",https://www.flipkart.com/whirlpool-260-l-frost-free-triple-door-refrigerator/p/itmf7zymrjhy6gzt?pid=RFRF3HZZRRWYW7FV&lid=LSTRFRF3HZZRRWYW7FVKXEOFV&marketplace=FLIPKART&q=fridge&store=j9e%2Fabm%2Fhzg&srno=s_26_615&otracker=search&otracker1=search&fm=organic&iid=cf132693-3b9c-4bf4-b5aa-e759217012cb.RFRF3HZZRRWYW7FV.SEARCH&ppt=None&ppn=None&ssid=ru8sfu8tqo0000001667799578413&qH=2be977f3ff92dd10,2022-11-07 11:09:48.014175+05:30
FZWDJDFE,SAMSUNG 198 L Direct Cool Single Door 3 Star Refrigerator with Base Drawer,17800,20990,15% off,7,1,4,"['Digital Inverter Compressor', 'Built-in Stabilizer', '1 Year Warranty on Product and 10 Years on Compressor']",https://www.flipkart.com/samsung-198-l-direct-cool-single-door-3-star-refrigerator-base-drawer/p/itm6ecb625e614ed?pid=RFRFRCYMWXEYGZMD&lid=LSTRFRFRCYMWXEYGZMDO2XCGL&marketplace=FLIPKART&q=fridge&store=j9e%2Fabm%2Fhzg&srno=s_26_616&otracker=search&otracker1=search&fm=organic&iid=cf132693-3b9c-4bf4-b5aa-e759217012cb.RFRFRCYMWXEYGZMD.SEARCH&ppt=None&ppn=None&ssid=ru8sfu8tqo0000001667799578413&qH=2be977f3ff92dd10,2022-11-07 11:09:48.939353+05:30
Z2AO8XJX,LG 235 L Direct Cool Single Door 4 Star Refrigerator,22990,28290,18% off,0,0,0,"['Conventional Compressor', 'Built-in Stabilizer', '1 Year Warranty on Product and 10 Years Warranty on Compressor From LG']",https://www.flipkart.com/lg-235-l-direct-cool-single-door-4-star-refrigerator/p/itm8248ce0cc607a?pid=RFRGG5JTKZCH8Z6Z&lid=LSTRFRGG5JTKZCH8Z6ZZ709OE&marketplace=FLIPKART&q=fridge&store=j9e%2Fabm%2Fhzg&srno=s_26_617&otracker=search&otracker1=search&fm=organic&iid=cf132693-3b9c-4bf4-b5aa-e759217012cb.RFRGG5JTKZCH8Z6Z.SEARCH&ppt=None&ppn=None&ssid=ru8sfu8tqo0000001667799578413&qH=2be977f3ff92dd10,2022-11-07 11:09:49.921373+05:30
ZT5G4M77,Whirlpool 200 L Direct Cool Single Door 3 Star Refrigerator with Base Drawer,16999,23999,29% off,0,0,0,"['Normal', 'Built-in Stabilizer', '1 Year on Product and 10 Years on Compressor from Whirlpool']",https://www.flipkart.com/whirlpool-200-l-direct-cool-single-door-3-star-refrigerator-base-drawer/p/itmf9jhkndgm2ynv?pid=RFRGGYS6KQHHURTR&lid=LSTRFRGGYS6KQHHURTRZLWK3X&marketplace=FLIPKART&q=fridge&store=j9e%2Fabm%2Fhzg&srno=s_26_618&otracker=search&otracker1=search&fm=organic&iid=cf132693-3b9c-4bf4-b5aa-e759217012cb.RFRGGYS6KQHHURTR.SEARCH&ppt=None&ppn=None&ssid=ru8sfu8tqo0000001667799578413&qH=2be977f3ff92dd10,2022-11-07 11:09:50.683165+05:30
96S6OHIA,Whirlpool 200 L Direct Cool Single Door 3 Star Refrigerator with Base Drawer,16999,23999,29% off,0,0,0,"['Normal Compressor', 'Built-in Stabilizer', '1 Year on Product and 10 Years on Compressor from Whirlpool']",https://www.flipkart.com/whirlpool-200-l-direct-cool-single-door-3-star-refrigerator-base-drawer/p/itmf9jhkndgm2ynv?pid=RFRGJ4VGBJVGTA8Z&lid=LSTRFRGJ4VGBJVGTA8ZSA17WA&marketplace=FLIPKART&q=fridge&store=j9e%2Fabm%2Fhzg&srno=s_26_619&otracker=search&otracker1=search&fm=organic&iid=cf132693-3b9c-4bf4-b5aa-e759217012cb.RFRGJ4VGBJVGTA8Z.SEARCH&ppt=None&ppn=None&ssid=ru8sfu8tqo0000001667799578413&qH=2be977f3ff92dd10,2022-11-07 11:09:51.495595+05:30
DHAFS936,Whirlpool 190 L Direct Cool Single Door 4 Star Refrigerator,16390,19950,17% off,13943,1494,4.3,"['DC Inverter Compressor', 'Built-in Stabilizer', '1 Year on Product and 10 Years on Compressor From Whirlpool']",https://www.flipkart.com/whirlpool-190-l-direct-cool-single-door-4-star-refrigerator/p/itm6d39d71793905?pid=RFRFZVTW8WZHHCRH&lid=LSTRFRFZVTW8WZHHCRH0UGYDK&marketplace=FLIPKART&q=fridge&store=j9e%2Fabm%2Fhzg&srno=s_26_620&otracker=search&otracker1=search&fm=organic&iid=cf132693-3b9c-4bf4-b5aa-e759217012cb.RFRFZVTW8WZHHCRH.SEARCH&ppt=None&ppn=None&ssid=ru8sfu8tqo0000001667799578413&qH=2be977f3ff92dd10,2022-11-07 11:09:51.812369+05:30
9AZ9F269,LG 235 L Direct Cool Single Door 3 Star Refrigerator,27899,27899,0,0,0,0,"['Reciprocating Compressor', 'Built-in Stabilizer', '1 Year Warranty on Product and 10 Years Warranty on Compressor From LG']",https://www.flipkart.com/lg-235-l-direct-cool-single-door-3-star-refrigerator/p/itm93b15230cf66c?pid=RFRGGBY5HHRPVMRW&lid=LSTRFRGGBY5HHRPVMRWVGOOA9&marketplace=FLIPKART&q=fridge&store=j9e%2Fabm%2Fhzg&srno=s_26_621&otracker=search&otracker1=search&fm=organic&iid=cf132693-3b9c-4bf4-b5aa-e759217012cb.RFRGGBY5HHRPVMRW.SEARCH&ppt=None&ppn=None&ssid=ru8sfu8tqo0000001667799578413&qH=2be977f3ff92dd10,2022-11-07 11:09:52.720371+05:30
OPUJV7F7,SAMSUNG 192 L Direct Cool Single Door 2 Star Refrigerator,15490,18990,18% off,19,3,4.5,"['Linear Compressor', 'Built-in Stabilizer', '1 Year on Product and 10 Years on Compressor From Samsung']",https://www.flipkart.com/samsung-192-l-direct-cool-single-door-2-star-refrigerator/p/itmb5e2c53637e15?pid=RFRFZKEUVHBTYTYE&lid=LSTRFRFZKEUVHBTYTYEL2LDDO&marketplace=FLIPKART&q=fridge&store=j9e%2Fabm%2Fhzg&srno=s_26_622&otracker=search&otracker1=search&fm=organic&iid=cf132693-3b9c-4bf4-b5aa-e759217012cb.RFRFZKEUVHBTYTYE.SEARCH&ppt=None&ppn=None&ssid=ru8sfu8tqo0000001667799578413&qH=2be977f3ff92dd10,2022-11-07 11:09:53.507367+05:30
1NGR0796,Whirlpool 245 L Direct Cool Single Door 4 Star Refrigerator with Base Drawer  with Auto Defrost,23065,26200,11% off,176,25,4.3,"['IntelliSense Inverter Compressor', 'Built-in Stabilizer', '1 Year on Product and 10 Years on Compressor from Whirlpool']",https://www.flipkart.com/whirlpool-245-l-direct-cool-single-door-4-star-refrigerator-base-drawer-auto-defrost/p/itm1578e3da7879d?pid=RFRFVH8ZQGGHHDST&lid=LSTRFRFVH8ZQGGHHDSTKLSUTE&marketplace=FLIPKART&q=fridge&store=j9e%2Fabm%2Fhzg&srno=s_26_623&otracker=search&otracker1=search&fm=organic&iid=cf132693-3b9c-4bf4-b5aa-e759217012cb.RFRFVH8ZQGGHHDST.SEARCH&ppt=None&ppn=None&ssid=ru8sfu8tqo0000001667799578413&qH=2be977f3ff92dd10,2022-11-07 11:09:54.370497+05:30
94CVKR69,Haier 192 L Direct Cool Single Door 2 Star Refrigerator with Base Drawer,15290,22400,31% off,40,3,4.5,"['Reciprocating Compressor', 'Built-in Stabilizer', '1 Year Warranty on Product and 10 Years on Compressor']",https://www.flipkart.com/haier-192-l-direct-cool-single-door-2-star-refrigerator-base-drawer/p/itm841aa6fd5ce45?pid=RFRGAYKFKPZBRZSH&lid=LSTRFRGAYKFKPZBRZSHVSRBMG&marketplace=FLIPKART&q=fridge&store=j9e%2Fabm%2Fhzg&srno=s_26_624&otracker=search&otracker1=search&fm=organic&iid=cf132693-3b9c-4bf4-b5aa-e759217012cb.RFRGAYKFKPZBRZSH.SEARCH&ppt=None&ppn=None&ssid=ru8sfu8tqo0000001667799578413&qH=2be977f3ff92dd10,2022-11-07 11:09:55.276177+05:30
MY0X7A32,Whirlpool 190 L Direct Cool Single Door 4 Star Refrigerator,16390,19950,17% off,13943,1494,4.3,"['DC Inverter Compressor', 'Built-in Stabilizer', '1 Year on Product and 10 Years on Compressor From Whirlpool']",https://www.flipkart.com/whirlpool-190-l-direct-cool-single-door-4-star-refrigerator/p/itm6d39d71793905?pid=RFRFZVTW8WZHHCRH&lid=LSTRFRFZVTW8WZHHCRH0UGYDK&marketplace=FLIPKART&q=fridge&store=j9e%2Fabm%2Fhzg&srno=s_27_625&otracker=search&otracker1=search&fm=organic&iid=fa7a76b2-833f-4f08-b321-f80aa216de53.RFRFZVTW8WZHHCRH.SEARCH&ppt=None&ppn=None&ssid=lotsuw9z5s0000001667799596530&qH=2be977f3ff92dd10,2022-11-07 11:09:56.324730+05:30
RYRGGGIV,SAMSUNG 192 L Direct Cool Single Door 2 Star Refrigerator,15490,18990,18% off,19,3,4.5,"['Linear Compressor', 'Built-in Stabilizer', '1 Year on Product and 10 Years on Compressor From Samsung']",https://www.flipkart.com/samsung-192-l-direct-cool-single-door-2-star-refrigerator/p/itmb5e2c53637e15?pid=RFRFZKEUVHBTYTYE&lid=LSTRFRFZKEUVHBTYTYEL2LDDO&marketplace=FLIPKART&q=fridge&store=j9e%2Fabm%2Fhzg&srno=s_27_626&otracker=search&otracker1=search&fm=organic&iid=fa7a76b2-833f-4f08-b321-f80aa216de53.RFRFZKEUVHBTYTYE.SEARCH&ppt=None&ppn=None&ssid=lotsuw9z5s0000001667799596530&qH=2be977f3ff92dd10,2022-11-07 11:09:56.641552+05:30
3U6PWH79,Whirlpool 190 L Direct Cool Single Door 2 Star Refrigerator,12990,15600,16% off,37835,3499,4.3,"['Normal Compressor', 'Built-in Stabilizer', '1 Year on Product and 10 Years on Compressor from Whirlpool']",https://www.flipkart.com/whirlpool-190-l-direct-cool-single-door-2-star-refrigerator/p/itmf6b4c3749b7e4?pid=RFRFZGFAGZUJTXWF&lid=LSTRFRFZGFAGZUJTXWFPDDAKA&marketplace=FLIPKART&q=fridge&store=j9e%2Fabm%2Fhzg&srno=s_27_627&otracker=search&otracker1=search&fm=organic&iid=en_Q0ITPRR5W9Izy91GhmB0zU%2Fo%2BAwcpCqDYTq0NyeU76RkwHXghOxUFFM0MuaN4CEWUxBERcvvxLbebUgcQtk5mQ%3D%3D&ppt=None&ppn=None&ssid=lotsuw9z5s0000001667799596530&qH=2be977f3ff92dd10,2022-11-07 11:09:56.966795+05:30
QJVGX8I9,Whirlpool 190 L Direct Cool Single Door 3 Star Refrigerator with Base Drawer,16340,20450,20% off,820,91,4.3,"['Non Inverter Compressor', 'Built-in Stabilizer', '1 Year on Product and 10 Years on Compressor from Whirlpool']",https://www.flipkart.com/whirlpool-190-l-direct-cool-single-door-3-star-refrigerator-base-drawer/p/itm495a967730b3c?pid=RFRG4XR6ZDXBEMZR&lid=LSTRFRG4XR6ZDXBEMZRXQJ2DZ&marketplace=FLIPKART&q=fridge&store=j9e%2Fabm%2Fhzg&srno=s_27_628&otracker=search&otracker1=search&fm=organic&iid=en_Q0ITPRR5W9Izy91GhmB0zU%2Fo%2BAwcpCqDYTq0NyeU76Tusyk0myrwByX80Mxj9HR%2BCik8178uFvOyLd%2F99yHoOg%3D%3D&ppt=None&ppn=None&ssid=lotsuw9z5s0000001667799596530&qH=2be977f3ff92dd10,2022-11-07 11:09:57.343044+05:30
WYF698GC,Godrej 195 L Direct Cool Single Door 3 Star Refrigerator with Base Drawer,16290,18490,11% off,13334,1451,4.3,"['Reciprocatory Compressor', 'Built-in Stabilizer', '1 Year on Product and 10 Years on Compressor From Godrej']",https://www.flipkart.com/godrej-195-l-direct-cool-single-door-3-star-refrigerator-base-drawer/p/itm20db6e3c0c07a?pid=RFRFZTKR2M5HXFBG&lid=LSTRFRFZTKR2M5HXFBG2WSIMF&marketplace=FLIPKART&q=fridge&store=j9e%2Fabm%2Fhzg&srno=s_27_629&otracker=search&otracker1=search&fm=organic&iid=fa7a76b2-833f-4f08-b321-f80aa216de53.RFRFZTKR2M5HXFBG.SEARCH&ppt=None&ppn=None&ssid=lotsuw9z5s0000001667799596530&qH=2be977f3ff92dd10,2022-11-07 11:09:58.048343+05:30
T8V1O3VK,SAMSUNG 192 L Direct Cool Single Door 2 Star Refrigerator,15499,16999,8% off,0,0,0,"['Linear Compressor', 'Built-in Stabilizer', '1 Year on Product and 10 Years on Compressor From Samsung']",https://www.flipkart.com/samsung-192-l-direct-cool-single-door-2-star-refrigerator/p/itm8f1b7fb3a3d32?pid=RFRFZKEU8YZBKC4H&lid=LSTRFRFZKEU8YZBKC4HGHCI2A&marketplace=FLIPKART&q=fridge&store=j9e%2Fabm%2Fhzg&srno=s_27_630&otracker=search&otracker1=search&fm=organic&iid=fa7a76b2-833f-4f08-b321-f80aa216de53.RFRFZKEU8YZBKC4H.SEARCH&ppt=None&ppn=None&ssid=lotsuw9z5s0000001667799596530&qH=2be977f3ff92dd10,2022-11-07 11:09:58.842397+05:30
ZYSXQJRP,Whirlpool 190 L Direct Cool Single Door 2 Star Refrigerator,13540,15900,14% off,37835,3499,4.3,"['Normal Compressor', 'Built-in Stabilizer', '1 Year on Product and 10 Years on Compressor from Whirlpool']",https://www.flipkart.com/whirlpool-190-l-direct-cool-single-door-2-star-refrigerator/p/itm23de1846cafca?pid=RFRFZGFANZJHN6SB&lid=LSTRFRFZGFANZJHN6SBRJ24IH&marketplace=FLIPKART&q=fridge&store=j9e%2Fabm%2Fhzg&srno=s_27_631&otracker=search&otracker1=search&fm=organic&iid=en_Q0ITPRR5W9Izy91GhmB0zU%2Fo%2BAwcpCqDYTq0NyeU76QZDFYq8EEnWLYejnIn043QfG1q4G8NhosLJpsjXdZLzg%3D%3D&ppt=None&ppn=None&ssid=lotsuw9z5s0000001667799596530&qH=2be977f3ff92dd10,2022-11-07 11:09:59.181353+05:30
4SC98HY8,Whirlpool 190 L Direct Cool Single Door 3 Star Refrigerator with Base Drawer,16340,19500,16% off,444,34,4.3,"['Non Inverter Compressor', 'Built-in Stabilizer', '1 Year on Product and 10 Years on Compressor from Whirlpool']",https://www.flipkart.com/whirlpool-190-l-direct-cool-single-door-3-star-refrigerator-base-drawer/p/itmd625ad7498750?pid=RFRG4XR6FXK3XANH&lid=LSTRFRG4XR6FXK3XANH2QMZGI&marketplace=FLIPKART&q=fridge&store=j9e%2Fabm%2Fhzg&srno=s_27_632&otracker=search&otracker1=search&fm=organic&iid=en_Q0ITPRR5W9Izy91GhmB0zU%2Fo%2BAwcpCqDYTq0NyeU76QVqL1Pv5dNZmU5r0%2BqFi9uMGzOfXGzGk9IKwrcXp9P4A%3D%3D&ppt=None&ppn=None&ssid=lotsuw9z5s0000001667799596530&qH=2be977f3ff92dd10,2022-11-07 11:09:59.470768+05:30
9SSXC5H7,Panasonic 307 L Frost Free Double Door 3 Star Refrigerator,29990,38500,22% off,126,14,4.4,"['Inverter Compressor', 'Built-in Stabilizer', '1 Year Warranty on Product and 10 Years on Compressor']",https://www.flipkart.com/panasonic-307-l-frost-free-double-door-3-star-refrigerator/p/itm661bae0897876?pid=RFRFSFEFDG86ZRZU&lid=LSTRFRFSFEFDG86ZRZUXSMMWS&marketplace=FLIPKART&q=fridge&store=j9e%2Fabm%2Fhzg&srno=s_27_633&otracker=search&otracker1=search&fm=organic&iid=fa7a76b2-833f-4f08-b321-f80aa216de53.RFRFSFEFDG86ZRZU.SEARCH&ppt=None&ppn=None&ssid=lotsuw9z5s0000001667799596530&qH=2be977f3ff92dd10,2022-11-07 11:09:59.916909+05:30
B3SJPNIU,SAMSUNG 192 L Direct Cool Single Door 3 Star Refrigerator with Base Drawer,16484,17490,5% off,24,4,4.2,"['Digital Inverter', 'Built-in Stabilizer', '1 Year Warranty on Product and 10 Years Warranty on Compressor from Samsung']",https://www.flipkart.com/samsung-192-l-direct-cool-single-door-3-star-refrigerator-base-drawer/p/itmff74x5drksdxg?pid=RFRFF74WVVJYR3CF&lid=LSTRFRFF74WVVJYR3CFRUHHIY&marketplace=FLIPKART&q=fridge&store=j9e%2Fabm%2Fhzg&srno=s_27_634&otracker=search&otracker1=search&fm=organic&iid=fa7a76b2-833f-4f08-b321-f80aa216de53.RFRFF74WVVJYR3CF.SEARCH&ppt=None&ppn=None&ssid=lotsuw9z5s0000001667799596530&qH=2be977f3ff92dd10,2022-11-07 11:10:00.727338+05:30
ZDADD00W,Whirlpool 245 L Direct Cool Single Door 3 Star Refrigerator,20999,26900,21% off,0,0,0,"['Normal Compressor', 'Built-in Stabilizer', '1 Year on Product and 10 Years on Compressor from Whirlpool']",https://www.flipkart.com/whirlpool-245-l-direct-cool-single-door-3-star-refrigerator/p/itmdb1785db7d6e1?pid=RFRG5BG8NFGQPG4H&lid=LSTRFRG5BG8NFGQPG4HQBIEYF&marketplace=FLIPKART&q=fridge&store=j9e%2Fabm%2Fhzg&srno=s_27_635&otracker=search&otracker1=search&fm=organic&iid=fa7a76b2-833f-4f08-b321-f80aa216de53.RFRG5BG8NFGQPG4H.SEARCH&ppt=None&ppn=None&ssid=lotsuw9z5s0000001667799596530&qH=2be977f3ff92dd10,2022-11-07 11:10:01.505784+05:30
ZBM2GJBK,LG 215 L Direct Cool Single Door 3 Star Refrigerator,18890,22690,16% off,14,1,4.1,"['Smart Inverter Compressor', 'Built-in Stabilizer', '1 Year Warranty on Product and 10 Years on Compressor from LG']",https://www.flipkart.com/lg-215-l-direct-cool-single-door-3-star-refrigerator/p/itm4c7e18cca38a4?pid=RFRG62KC65ADQ6GC&lid=LSTRFRG62KC65ADQ6GCW6RIHJ&marketplace=FLIPKART&q=fridge&store=j9e%2Fabm%2Fhzg&srno=s_27_636&otracker=search&otracker1=search&fm=organic&iid=fa7a76b2-833f-4f08-b321-f80aa216de53.RFRG62KC65ADQ6GC.SEARCH&ppt=None&ppn=None&ssid=lotsuw9z5s0000001667799596530&qH=2be977f3ff92dd10,2022-11-07 11:10:01.835126+05:30
1G5CD3F1,Whirlpool 190 L Direct Cool Single Door 2 Star Refrigerator,13540,16500,17% off,37835,3499,4.3,"['Normal Compressor', 'Built-in Stabilizer', '1 Year on Product and 10 Years on Compressor from Whirlpool']",https://www.flipkart.com/whirlpool-190-l-direct-cool-single-door-2-star-refrigerator/p/itm823c53fcf0200?pid=RFRFZGFADYS3UTBG&lid=LSTRFRFZGFADYS3UTBGFVSNUE&marketplace=FLIPKART&q=fridge&store=j9e%2Fabm%2Fhzg&srno=s_27_637&otracker=search&otracker1=search&fm=organic&iid=en_Q0ITPRR5W9Izy91GhmB0zU%2Fo%2BAwcpCqDYTq0NyeU76SGJU2fSNeSLjoSJ1ly%2B0kG6VmDAgCf6DMckC1h3ZnRZg%3D%3D&ppt=None&ppn=None&ssid=lotsuw9z5s0000001667799596530&qH=2be977f3ff92dd10,2022-11-07 11:10:02.152529+05:30
7U1ZF328,Whirlpool 190 L Direct Cool Single Door 3 Star Refrigerator,15340,18000,14% off,622,47,4.3,"['Non Inverter Compressor', 'Built-in Stabilizer', '1 Year on Product and 10 Years on Compressor from Whirlpool']",https://www.flipkart.com/whirlpool-190-l-direct-cool-single-door-3-star-refrigerator/p/itmc4870feb17803?pid=RFRG4XR689KTY9QT&lid=LSTRFRG4XR689KTY9QTJUWMVD&marketplace=FLIPKART&q=fridge&store=j9e%2Fabm%2Fhzg&srno=s_27_638&otracker=search&otracker1=search&fm=organic&iid=en_Q0ITPRR5W9Izy91GhmB0zU%2Fo%2BAwcpCqDYTq0NyeU76QoCjqvMWLHhHVvQUQfxgGcSnPWXWX2eFur1r0QMwaKtQ%3D%3D&ppt=None&ppn=None&ssid=lotsuw9z5s0000001667799596530&qH=2be977f3ff92dd10,2022-11-07 11:10:02.521522+05:30
J6JB3V2O,SAMSUNG 692 L Frost Free Side by Side Refrigerator,102900,114990,10% off,5,0,3.6,"['Digital Inverter Compressor', 'Built-in Stabilizer', '1 Year Warranty on Product and 10 Years on Digital Inverter Compressor from Samsung']",https://www.flipkart.com/samsung-692-l-frost-free-side-refrigerator/p/itmb6fab9c0a9e7a?pid=RFRG6HA4QZVN44ZT&lid=LSTRFRG6HA4QZVN44ZTI0VLKO&marketplace=FLIPKART&q=fridge&store=j9e%2Fabm%2Fhzg&srno=s_27_639&otracker=search&otracker1=search&fm=organic&iid=fa7a76b2-833f-4f08-b321-f80aa216de53.RFRG6HA4QZVN44ZT.SEARCH&ppt=None&ppn=None&ssid=lotsuw9z5s0000001667799596530&qH=2be977f3ff92dd10,2022-11-07 11:10:02.881189+05:30
90FW0X58,Godrej 192 L Direct Cool Single Door 4 Star Refrigerator,17490,19100,8% off,12,1,4.6,"['Intelligent Inverter Compressor', 'Built-in Stabilizer', '1 Year Comprehensive Warranty on Product and 10 Years on Compressor']",https://www.flipkart.com/godrej-192-l-direct-cool-single-door-4-star-refrigerator/p/itmba2f76a018c60?pid=RFRFZFGGKFT7HECK&lid=LSTRFRFZFGGKFT7HECK9C5LTR&marketplace=FLIPKART&q=fridge&store=j9e%2Fabm%2Fhzg&srno=s_27_640&otracker=search&otracker1=search&fm=organic&iid=fa7a76b2-833f-4f08-b321-f80aa216de53.RFRFZFGGKFT7HECK.SEARCH&ppt=None&ppn=None&ssid=lotsuw9z5s0000001667799596530&qH=2be977f3ff92dd10,2022-11-07 11:10:03.704335+05:30
IJ8NLR6P,Whirlpool 190 L Direct Cool Single Door 3 Star Refrigerator,15340,17600,12% off,1327,122,4.2,"['Non Inverter Compressor', 'Built-in Stabilizer', '1 Year on Product and 10 Years on Compressor from Whirlpool']",https://www.flipkart.com/whirlpool-190-l-direct-cool-single-door-3-star-refrigerator/p/itm600cc6ce9ae49?pid=RFRG4XR6QNSM6X5H&lid=LSTRFRG4XR6QNSM6X5HUWM1ZO&marketplace=FLIPKART&q=fridge&store=j9e%2Fabm%2Fhzg&srno=s_27_641&otracker=search&otracker1=search&fm=organic&iid=en_Q0ITPRR5W9Izy91GhmB0zU%2Fo%2BAwcpCqDYTq0NyeU76QHyI%2FYQEvKDJSVkJkdQxmj3RgyFZzsE5Uq1sCzOjbMWg%3D%3D&ppt=None&ppn=None&ssid=lotsuw9z5s0000001667799596530&qH=2be977f3ff92dd10,2022-11-07 11:10:04.080361+05:30
J2KY8Z87,Whirlpool 190 L Direct Cool Single Door 3 Star Refrigerator,14640,17000,13% off,37835,3499,4.3,"['Normal Compressor', 'Built-in Stabilizer', '1 Year on Product and 10 Years on Compressor from Whirlpool']",https://www.flipkart.com/whirlpool-190-l-direct-cool-single-door-3-star-refrigerator/p/itmafa0a476dffe1?pid=RFRFZGFAHQ7VQXZF&lid=LSTRFRFZGFAHQ7VQXZFLUB4OV&marketplace=FLIPKART&q=fridge&store=j9e%2Fabm%2Fhzg&srno=s_27_642&otracker=search&otracker1=search&fm=organic&iid=en_Q0ITPRR5W9Izy91GhmB0zU%2Fo%2BAwcpCqDYTq0NyeU76QBbpNA06MIhmZo3Vl8Jp8E9id%2Byr2a%2Frjl%2FtNWn3LZxQ%3D%3D&ppt=None&ppn=None&ssid=lotsuw9z5s0000001667799596530&qH=2be977f3ff92dd10,2022-11-07 11:10:04.419720+05:30
VQ3OBIMV,Haier 242 L Direct Cool Single Door 3 Star Refrigerator,19850,26700,25% off,1812,194,4.3,"['Inverter Compressor', 'Built-in Stabilizer', '1 Year On Product and 10 Years on Compressor from Haier']",https://www.flipkart.com/haier-242-l-direct-cool-single-door-3-star-refrigerator/p/itm9bc7a7f0a2055?pid=RFRFZFHUYPVBFKKN&lid=LSTRFRFZFHUYPVBFKKNZA7MXY&marketplace=FLIPKART&q=fridge&store=j9e%2Fabm%2Fhzg&srno=s_27_643&otracker=search&otracker1=search&fm=organic&iid=fa7a76b2-833f-4f08-b321-f80aa216de53.RFRFZFHUYPVBFKKN.SEARCH&ppt=None&ppn=None&ssid=lotsuw9z5s0000001667799596530&qH=2be977f3ff92dd10,2022-11-07 11:10:05.218244+05:30
DW3J6HYC,LG 190 L Direct Cool Single Door 3 Star Refrigerator  with with Fast Ice Making Moist 'N' Fresh,16990,21199,19% off,0,0,0,"['Conventional Compressor', 'Built-in Stabilizer', '1 Year on Product and 10 Years on Compressor From LG']",https://www.flipkart.com/lg-190-l-direct-cool-single-door-3-star-refrigerator-fast-ice-making-moist-n-fresh/p/itmbc83bea243269?pid=RFRGGBF54N9JBVHE&lid=LSTRFRGGBF54N9JBVHERWSSZ4&marketplace=FLIPKART&q=fridge&store=j9e%2Fabm%2Fhzg&srno=s_27_644&otracker=search&otracker1=search&fm=organic&iid=fa7a76b2-833f-4f08-b321-f80aa216de53.RFRGGBF54N9JBVHE.SEARCH&ppt=None&ppn=None&ssid=lotsuw9z5s0000001667799596530&qH=2be977f3ff92dd10,2022-11-07 11:10:06.089358+05:30
2HOWBH1T,Whirlpool 215 L Direct Cool Single Door 5 Star Refrigerator with Base Drawer,21290,26950,21% off,9500,1076,4.4,"['DC Inverter Compressor', 'Built-in Stabilizer', '1 Year Warranty on Product and 10 Years on Compressor']",https://www.flipkart.com/whirlpool-215-l-direct-cool-single-door-5-star-refrigerator-base-drawer/p/itm4af3fd740fff7?pid=RFRFRFWC42CQPPT9&lid=LSTRFRFRFWC42CQPPT95T48PT&marketplace=FLIPKART&q=fridge&store=j9e%2Fabm%2Fhzg&srno=s_27_645&otracker=search&otracker1=search&fm=organic&iid=fa7a76b2-833f-4f08-b321-f80aa216de53.RFRFRFWC42CQPPT9.SEARCH&ppt=None&ppn=None&ssid=lotsuw9z5s0000001667799596530&qH=2be977f3ff92dd10,2022-11-07 11:10:06.884126+05:30
D676JP9V,SAMSUNG 198 L Direct Cool Single Door 3 Star Refrigerator,17300,18490,6% off,24,1,4.4,"['Digital Inverter Compressor', '1 Year on Product Full']",https://www.flipkart.com/samsung-198-l-direct-cool-single-door-3-star-refrigerator/p/itmc5b6934c0c4d7?pid=RFRG43PCGSHHCFHK&lid=LSTRFRG43PCGSHHCFHKODHDKH&marketplace=FLIPKART&q=fridge&store=j9e%2Fabm%2Fhzg&srno=s_27_646&otracker=search&otracker1=search&fm=organic&iid=fa7a76b2-833f-4f08-b321-f80aa216de53.RFRG43PCGSHHCFHK.SEARCH&ppt=None&ppn=None&ssid=lotsuw9z5s0000001667799596530&qH=2be977f3ff92dd10,2022-11-07 11:10:07.962343+05:30
9NWYKSJ3,Whirlpool 190 L Direct Cool Single Door 3 Star Refrigerator,14640,18700,21% off,37835,3499,4.3,"['Normal Compressor', 'Built-in Stabilizer', '1 Year on Product and 10 Years on Compressor from Whirlpool']",https://www.flipkart.com/whirlpool-190-l-direct-cool-single-door-3-star-refrigerator/p/itm94a1658747a65?pid=RFRFZGFAFJAANRWP&lid=LSTRFRFZGFAFJAANRWPKN0PYK&marketplace=FLIPKART&q=fridge&store=j9e%2Fabm%2Fhzg&srno=s_27_647&otracker=search&otracker1=search&fm=organic&iid=en_Q0ITPRR5W9Izy91GhmB0zU%2Fo%2BAwcpCqDYTq0NyeU76QG985AcVb66POTJhAAsrFwQ99ZbiOJ%2Bg96C1A41aEjrQ%3D%3D&ppt=None&ppn=None&ssid=lotsuw9z5s0000001667799596530&qH=2be977f3ff92dd10,2022-11-07 11:10:08.303198+05:30
WCNHYE9K,Whirlpool 190 L Direct Cool Single Door 3 Star Refrigerator,14000,18700,25% off,37835,3499,4.3,"['Normal Compressor', 'Built-in Stabilizer', '1 Year on Product and 10 Years on Compressor from Whirlpool']",https://www.flipkart.com/whirlpool-190-l-direct-cool-single-door-3-star-refrigerator/p/itmf8e85786b09ef?pid=RFRFZGFAMXNUREWN&lid=LSTRFRFZGFAMXNUREWN3V8KEL&marketplace=FLIPKART&q=fridge&store=j9e%2Fabm%2Fhzg&srno=s_27_648&otracker=search&otracker1=search&fm=organic&iid=en_Q0ITPRR5W9Izy91GhmB0zU%2Fo%2BAwcpCqDYTq0NyeU76RcQ73iw7KkmQ0c7tZTLJ3sMS96o%2BR53YD60lqIk4fxYw%3D%3D&ppt=None&ppn=None&ssid=lotsuw9z5s0000001667799596530&qH=2be977f3ff92dd10,2022-11-07 11:10:08.614858+05:30
GA2ESKRG,Whirlpool 245 L Frost Free Double Door 2 Star Refrigerator,23699,32200,26% off,9,0,4.1,"['Reciprocatory Compressor', 'Built-in Stabilizer', '1 Year Warranty on Product and 10 Years Warranty on Compressor from Whirlpool']",https://www.flipkart.com/whirlpool-245-l-frost-free-double-door-2-star-refrigerator/p/itmevs7axege64cu?pid=RFREX3VHMAQKFNXA&lid=LSTRFREX3VHMAQKFNXATX8LGD&marketplace=FLIPKART&q=fridge&store=j9e%2Fabm%2Fhzg&srno=s_28_649&otracker=search&otracker1=search&fm=organic&iid=d0e504e0-c2e8-4116-be07-bffaef6fefec.RFREX3VHMAQKFNXA.SEARCH&ppt=None&ppn=None&ssid=ie6a8qhkds0000001667799609705&qH=2be977f3ff92dd10,2022-11-07 11:10:10.866390+05:30
C6QPC3TW,LG 215 L Direct Cool Single Door 3 Star Refrigerator,19880,26099,23% off,18,1,4.3,"['Smart Inverter Compressor', 'Built-in Stabilizer', '1 Year Warranty on Product and 10 Years on Compressor from LG']",https://www.flipkart.com/lg-215-l-direct-cool-single-door-3-star-refrigerator/p/itmda916a2229371?pid=RFRG5J3GBZTYKP2C&lid=LSTRFRG5J3GBZTYKP2CBVZITH&marketplace=FLIPKART&q=fridge&store=j9e%2Fabm%2Fhzg&srno=s_28_650&otracker=search&otracker1=search&fm=organic&iid=d0e504e0-c2e8-4116-be07-bffaef6fefec.RFRG5J3GBZTYKP2C.SEARCH&ppt=None&ppn=None&ssid=ie6a8qhkds0000001667799609705&qH=2be977f3ff92dd10,2022-11-07 11:10:11.171203+05:30
RMS1YHA2,Whirlpool 190 L Direct Cool Single Door 2 Star Refrigerator,12990,15600,16% off,37835,3499,4.3,"['Normal Compressor', 'Built-in Stabilizer', '1 Year on Product and 10 Years on Compressor from Whirlpool']",https://www.flipkart.com/whirlpool-190-l-direct-cool-single-door-2-star-refrigerator/p/itmf6b4c3749b7e4?pid=RFRFZGFAGZUJTXWF&lid=LSTRFRFZGFAGZUJTXWFPDDAKA&marketplace=FLIPKART&q=fridge&store=j9e%2Fabm%2Fhzg&srno=s_28_651&otracker=search&otracker1=search&fm=organic&iid=en_hqhQBS07TPc15jn601ywSteD9WS1lkZFMDxI52VINxVmIba8hSPW8Tpl6%2FfGMQ0cUxBERcvvxLbebUgcQtk5mQ%3D%3D&ppt=None&ppn=None&ssid=ie6a8qhkds0000001667799609705&qH=2be977f3ff92dd10,2022-11-07 11:10:11.477980+05:30
XEDPMDLG,Whirlpool 240 L Frost Free Triple Door Refrigerator,27990,33250,15% off,30897,3819,4.4,"['Normal Compressor', 'Built-in Stabilizer', '1 Year Warranty on Product and 10 Years Warranty on Compressor from Whirlpool']",https://www.flipkart.com/whirlpool-240-l-frost-free-triple-door-refrigerator/p/itmf7z5vhfcxysvp?pid=RFRF3HZZZYTNKSCU&lid=LSTRFRF3HZZZYTNKSCUCOA9SO&marketplace=FLIPKART&q=fridge&store=j9e%2Fabm%2Fhzg&srno=s_28_652&otracker=search&otracker1=search&fm=organic&iid=en_hqhQBS07TPc15jn601ywSteD9WS1lkZFMDxI52VINxWx0PIH8LbGosVV5zlL0S9Z7Rfr5RUYhX0WhJqwxOQvSg%3D%3D&ppt=None&ppn=None&ssid=ie6a8qhkds0000001667799609705&qH=2be977f3ff92dd10,2022-11-07 11:10:11.796747+05:30
843TYQB5,Haier 320 L Frost Free Double Door Bottom Mount 2 Star Refrigerator,33990,36600,7% off,4533,691,4.5,"['Normal Compressor', '1  Year Warranty on Product and 10 Years Warranty on Compressor from Haier']",https://www.flipkart.com/haier-320-l-frost-free-double-door-bottom-mount-2-star-refrigerator/p/itm1b36ac9e354dc?pid=RFREKAZ3TP48MF6V&lid=LSTRFREKAZ3TP48MF6VRRL4FU&marketplace=FLIPKART&q=fridge&store=j9e%2Fabm%2Fhzg&srno=s_28_653&otracker=search&otracker1=search&fm=organic&iid=d0e504e0-c2e8-4116-be07-bffaef6fefec.RFREKAZ3TP48MF6V.SEARCH&ppt=None&ppn=None&ssid=ie6a8qhkds0000001667799609705&qH=2be977f3ff92dd10,2022-11-07 11:10:12.720243+05:30
L1YY79E3,Panasonic 280 L Frost Free Double Door 3 Star Refrigerator,32990,37700,12% off,0,0,0,"['Digital Inverter Compressor', 'Built-in Stabilizer', '1 Year on Product and 10 Years on Compressor']",https://www.flipkart.com/panasonic-280-l-frost-free-double-door-3-star-refrigerator/p/itm4127dd90e73b4?pid=RFRG9X2TWUSQWWUT&lid=LSTRFRG9X2TWUSQWWUT0RCNOB&marketplace=FLIPKART&q=fridge&store=j9e%2Fabm%2Fhzg&srno=s_28_654&otracker=search&otracker1=search&fm=organic&iid=d0e504e0-c2e8-4116-be07-bffaef6fefec.RFRG9X2TWUSQWWUT.SEARCH&ppt=None&ppn=None&ssid=ie6a8qhkds0000001667799609705&qH=2be977f3ff92dd10,2022-11-07 11:10:13.506343+05:30
HX1MG3EE,Midea 95 L Direct Cool Single Door 1 Star Refrigerator,10990,13990,21% off,161,22,3.8,"['Reciprocating Compressor', '1 Year Warranty on Product and 5 Years on Compressor']",https://www.flipkart.com/midea-95-l-direct-cool-single-door-1-star-refrigerator/p/itm8e8fd694f9764?pid=RFRFZDMNPAQVZM5N&lid=LSTRFRFZDMNPAQVZM5NRLFHUX&marketplace=FLIPKART&q=fridge&store=j9e%2Fabm%2Fhzg&srno=s_28_655&otracker=search&otracker1=search&fm=organic&iid=d0e504e0-c2e8-4116-be07-bffaef6fefec.RFRFZDMNPAQVZM5N.SEARCH&ppt=None&ppn=None&ssid=ie6a8qhkds0000001667799609705&qH=2be977f3ff92dd10,2022-11-07 11:10:13.869045+05:30
RQMWG7FH,Godrej 192 L Direct Cool Single Door 5 Star Refrigerator,19100,24200,21% off,61,5,4.2,"['Intelligent Inverter Compressor', 'Built-in Stabilizer', '1 Year Comprehensive Warranty on Product and 10 Years on Compressor']",https://www.flipkart.com/godrej-192-l-direct-cool-single-door-5-star-refrigerator/p/itmebd694452e506?pid=RFRFZFGG98CZGVFY&lid=LSTRFRFZFGG98CZGVFY4K18L2&marketplace=FLIPKART&q=fridge&store=j9e%2Fabm%2Fhzg&srno=s_28_656&otracker=search&otracker1=search&fm=organic&iid=d0e504e0-c2e8-4116-be07-bffaef6fefec.RFRFZFGG98CZGVFY.SEARCH&ppt=None&ppn=None&ssid=ie6a8qhkds0000001667799609705&qH=2be977f3ff92dd10,2022-11-07 11:10:16.021344+05:30
SPONBCVL,Whirlpool 190 L Direct Cool Single Door 3 Star Refrigerator with Base Drawer,16340,20450,20% off,820,91,4.3,"['Non Inverter Compressor', 'Built-in Stabilizer', '1 Year on Product and 10 Years on Compressor from Whirlpool']",https://www.flipkart.com/whirlpool-190-l-direct-cool-single-door-3-star-refrigerator-base-drawer/p/itm495a967730b3c?pid=RFRG4XR6ZDXBEMZR&lid=LSTRFRG4XR6ZDXBEMZRXQJ2DZ&marketplace=FLIPKART&q=fridge&store=j9e%2Fabm%2Fhzg&srno=s_28_657&otracker=search&otracker1=search&fm=organic&iid=en_hqhQBS07TPc15jn601ywSteD9WS1lkZFMDxI52VINxXyPbi4%2Fn7j5d8um1Bmt8c9Cik8178uFvOyLd%2F99yHoOg%3D%3D&ppt=None&ppn=None&ssid=ie6a8qhkds0000001667799609705&qH=2be977f3ff92dd10,2022-11-07 11:10:16.360025+05:30
SGAMX58B,Whirlpool 190 L Direct Cool Single Door 2 Star Refrigerator,13540,15900,14% off,37835,3499,4.3,"['Normal Compressor', 'Built-in Stabilizer', '1 Year on Product and 10 Years on Compressor from Whirlpool']",https://www.flipkart.com/whirlpool-190-l-direct-cool-single-door-2-star-refrigerator/p/itm23de1846cafca?pid=RFRFZGFANZJHN6SB&lid=LSTRFRFZGFANZJHN6SBRJ24IH&marketplace=FLIPKART&q=fridge&store=j9e%2Fabm%2Fhzg&srno=s_28_658&otracker=search&otracker1=search&fm=organic&iid=en_hqhQBS07TPc15jn601ywSteD9WS1lkZFMDxI52VINxWdru4YazEieG%2B2CxUxkkjafG1q4G8NhosLJpsjXdZLzg%3D%3D&ppt=None&ppn=None&ssid=ie6a8qhkds0000001667799609705&qH=2be977f3ff92dd10,2022-11-07 11:10:16.694143+05:30
UKLJO4D1,Hitachi 375 L Frost Free Double Door 2 Star Refrigerator,43990,61800,28% off,5,2,3.4,"['Inverter', 'Built-in Stabilizer', '1 Year Manufacturer Warranty and 10 Years Warranty on Compressor from Hitachi']",https://www.flipkart.com/hitachi-375-l-frost-free-double-door-2-star-refrigerator/p/itm11b21cd8ea59e?pid=RFRFWCVGNCCTYWKM&lid=LSTRFRFWCVGNCCTYWKMX9M4X7&marketplace=FLIPKART&q=fridge&store=j9e%2Fabm%2Fhzg&srno=s_28_659&otracker=search&otracker1=search&fm=organic&iid=d0e504e0-c2e8-4116-be07-bffaef6fefec.RFRFWCVGNCCTYWKM.SEARCH&ppt=None&ppn=None&ssid=ie6a8qhkds0000001667799609705&qH=2be977f3ff92dd10,2022-11-07 11:10:17.016338+05:30
8ST9A4NT,LG 190 L Direct Cool Single Door 3 Star Refrigerator with Base Drawer,16899,22999,26% off,4,1,4.3,"['Smart Inverter Compressor', 'Built-in Stabilizer', '1 Year Warranty on Product and 10 Years Warranty on Compressor']",https://www.flipkart.com/lg-190-l-direct-cool-single-door-3-star-refrigerator-base-drawer/p/itm703f82a5d8211?pid=RFRGDM3P8MJYMVJ5&lid=LSTRFRGDM3P8MJYMVJ5HYYPFS&marketplace=FLIPKART&q=fridge&store=j9e%2Fabm%2Fhzg&srno=s_28_660&otracker=search&otracker1=search&fm=organic&iid=d0e504e0-c2e8-4116-be07-bffaef6fefec.RFRGDM3P8MJYMVJ5.SEARCH&ppt=None&ppn=None&ssid=ie6a8qhkds0000001667799609705&qH=2be977f3ff92dd10,2022-11-07 11:10:17.810064+05:30
142N4330,Whirlpool 300 L Frost Free Triple Door Refrigerator,34390,43950,21% off,30897,3819,4.4,"['Normal Compressor', 'Built-in Stabilizer', '1 Year Warranty on Product and 10 Years on Compressor From Whirlpool']",https://www.flipkart.com/whirlpool-300-l-frost-free-triple-door-refrigerator/p/itmexbvqq3h9zyz2?pid=RFRDZEQ7FYQ5QTSN&lid=LSTRFRDZEQ7FYQ5QTSNHFAVDN&marketplace=FLIPKART&q=fridge&store=j9e%2Fabm%2Fhzg&srno=s_28_661&otracker=search&otracker1=search&fm=organic&iid=en_hqhQBS07TPc15jn601ywSteD9WS1lkZFMDxI52VINxV1DJ%2FAZkjbGDR1EsW4mvHwDo5XXw04e34i8rC9wk%2FwUA%3D%3D&ppt=None&ppn=None&ssid=ie6a8qhkds0000001667799609705&qH=2be977f3ff92dd10,2022-11-07 11:10:18.108862+05:30
UZ0GJZVK,Whirlpool 190 L Direct Cool Single Door 3 Star Refrigerator with Base Drawer,16340,19500,16% off,444,34,4.3,"['Non Inverter Compressor', 'Built-in Stabilizer', '1 Year on Product and 10 Years on Compressor from Whirlpool']",https://www.flipkart.com/whirlpool-190-l-direct-cool-single-door-3-star-refrigerator-base-drawer/p/itmd625ad7498750?pid=RFRG4XR6FXK3XANH&lid=LSTRFRG4XR6FXK3XANH2QMZGI&marketplace=FLIPKART&q=fridge&store=j9e%2Fabm%2Fhzg&srno=s_28_662&otracker=search&otracker1=search&fm=organic&iid=en_hqhQBS07TPc15jn601ywSteD9WS1lkZFMDxI52VINxXYHd1LBB9LSPIVPgdGbNP%2BMGzOfXGzGk9IKwrcXp9P4A%3D%3D&ppt=None&ppn=None&ssid=ie6a8qhkds0000001667799609705&qH=2be977f3ff92dd10,2022-11-07 11:10:18.495627+05:30
LK88WPI1,Voltas Beko 432 L Frost Free Double Door 2 Star Refrigerator,46990,54490,13% off,10,4,5,"['ProSmart Inverter Compressor', '2 Years Comprehensive and Additional 10 Years on Compressor from Voltas Beko']",https://www.flipkart.com/voltas-beko-432-l-frost-free-double-door-2-star-refrigerator/p/itmb5491d8209b49?pid=RFRFTHQ8KGCS668H&lid=LSTRFRFTHQ8KGCS668HT9HNDS&marketplace=FLIPKART&q=fridge&store=j9e%2Fabm%2Fhzg&srno=s_28_663&otracker=search&otracker1=search&fm=organic&iid=d0e504e0-c2e8-4116-be07-bffaef6fefec.RFRFTHQ8KGCS668H.SEARCH&ppt=None&ppn=None&ssid=ie6a8qhkds0000001667799609705&qH=2be977f3ff92dd10,2022-11-07 11:10:18.808341+05:30
77ZOLAB4,Haier 256 L Frost Free Double Door Bottom Mount 3 Star Refrigerator,39999,43534,8% off,5,1,4,"['Inverter Compressor', '1 Year Warranty on Product and 10 Years on Compressor from Haier']",https://www.flipkart.com/haier-256-l-frost-free-double-door-bottom-mount-3-star-refrigerator/p/itm1cf57681f9df0?pid=RFRGAU4ZB2VK4BWH&lid=LSTRFRGAU4ZB2VK4BWHGCJOAI&marketplace=FLIPKART&q=fridge&store=j9e%2Fabm%2Fhzg&srno=s_28_664&otracker=search&otracker1=search&fm=organic&iid=d0e504e0-c2e8-4116-be07-bffaef6fefec.RFRGAU4ZB2VK4BWH.SEARCH&ppt=None&ppn=None&ssid=ie6a8qhkds0000001667799609705&qH=2be977f3ff92dd10,2022-11-07 11:10:19.660336+05:30
BSA64KYF,Panasonic 550 L Frost Free Triple Door Bottom Mount 3 Star Refrigerator,85990,105000,18% off,0,0,0,"['INVERTER', 'Built-in Stabilizer', '1 YEAR']",https://www.flipkart.com/panasonic-550-l-frost-free-triple-door-bottom-mount-3-star-refrigerator/p/itmc673b163f5677?pid=RFRGFTHWVGD6DBEG&lid=LSTRFRGFTHWVGD6DBEGEERZEV&marketplace=FLIPKART&q=fridge&store=j9e%2Fabm%2Fhzg&srno=s_28_665&otracker=search&otracker1=search&fm=organic&iid=d0e504e0-c2e8-4116-be07-bffaef6fefec.RFRGFTHWVGD6DBEG.SEARCH&ppt=None&ppn=None&ssid=ie6a8qhkds0000001667799609705&qH=2be977f3ff92dd10,2022-11-07 11:10:20.479370+05:30
U2Q9KPT8,Haier 242 L Direct Cool Single Door 3 Star Refrigerator,19290,31250,38% off,4,0,4.8,"['Inverter Compressor', 'Built-in Stabilizer', '1 Year Warranty on Product and 10 Years Warranty on Compressor']",https://www.flipkart.com/haier-242-l-direct-cool-single-door-3-star-refrigerator/p/itm6d64b79bb9352?pid=RFRGGSH5UMDQA9VU&lid=LSTRFRGGSH5UMDQA9VUUVC7B5&marketplace=FLIPKART&q=fridge&store=j9e%2Fabm%2Fhzg&srno=s_28_666&otracker=search&otracker1=search&fm=organic&iid=d0e504e0-c2e8-4116-be07-bffaef6fefec.RFRGGSH5UMDQA9VU.SEARCH&ppt=None&ppn=None&ssid=ie6a8qhkds0000001667799609705&qH=2be977f3ff92dd10,2022-11-07 11:10:22.290055+05:30
5HKUX9HL,Whirlpool 190 L Direct Cool Single Door 2 Star Refrigerator,13540,16500,17% off,37835,3499,4.3,"['Normal Compressor', 'Built-in Stabilizer', '1 Year on Product and 10 Years on Compressor from Whirlpool']",https://www.flipkart.com/whirlpool-190-l-direct-cool-single-door-2-star-refrigerator/p/itm823c53fcf0200?pid=RFRFZGFADYS3UTBG&lid=LSTRFRFZGFADYS3UTBGFVSNUE&marketplace=FLIPKART&q=fridge&store=j9e%2Fabm%2Fhzg&srno=s_28_667&otracker=search&otracker1=search&fm=organic&iid=en_hqhQBS07TPc15jn601ywSteD9WS1lkZFMDxI52VINxXXAdzgNIqHUazDXTdsxCAw6VmDAgCf6DMckC1h3ZnRZg%3D%3D&ppt=None&ppn=None&ssid=ie6a8qhkds0000001667799609705&qH=2be977f3ff92dd10,2022-11-07 11:10:22.595322+05:30
4ZB82GVI,Whirlpool 190 L Direct Cool Single Door 3 Star Refrigerator,15340,18000,14% off,622,47,4.3,"['Non Inverter Compressor', 'Built-in Stabilizer', '1 Year on Product and 10 Years on Compressor from Whirlpool']",https://www.flipkart.com/whirlpool-190-l-direct-cool-single-door-3-star-refrigerator/p/itmc4870feb17803?pid=RFRG4XR689KTY9QT&lid=LSTRFRG4XR689KTY9QTJUWMVD&marketplace=FLIPKART&q=fridge&store=j9e%2Fabm%2Fhzg&srno=s_28_668&otracker=search&otracker1=search&fm=organic&iid=en_hqhQBS07TPc15jn601ywSteD9WS1lkZFMDxI52VINxU6FBhQt6BwAkWPpqFnU0%2BHSnPWXWX2eFur1r0QMwaKtQ%3D%3D&ppt=None&ppn=None&ssid=ie6a8qhkds0000001667799609705&qH=2be977f3ff92dd10,2022-11-07 11:10:22.917311+05:30
R54LM00Q,SAMSUNG 386 L Frost Free Double Door 3 Star Convertible Refrigerator  with Curd Maestro,50566,57760,12% off,3,1,5,"['Digital Inverter Compressor', 'Built-in Stabilizer', '1 Year on Product and 10 Years on Compressor From Samsung']",https://www.flipkart.com/samsung-386-l-frost-free-double-door-3-star-convertible-refrigerator-curd-maestro/p/itm32f65cbcda0ce?pid=RFRFV7USHG44ZR5P&lid=LSTRFRFV7USHG44ZR5PB9XWF6&marketplace=FLIPKART&q=fridge&store=j9e%2Fabm%2Fhzg&srno=s_28_669&otracker=search&otracker1=search&fm=organic&iid=d0e504e0-c2e8-4116-be07-bffaef6fefec.RFRFV7USHG44ZR5P.SEARCH&ppt=None&ppn=None&ssid=ie6a8qhkds0000001667799609705&qH=2be977f3ff92dd10,2022-11-07 11:10:23.745943+05:30
46MR86E2,Godrej 99 L Direct Cool Single Door 2 Star Refrigerator,11490,13000,11% off,183,24,3.9,"['Intelligent Inverter Compressor', 'Built-in Stabilizer', '1 Year Comprehensive and 5 Years Motor Warranty From Godrej']",https://www.flipkart.com/godrej-99-l-direct-cool-single-door-2-star-refrigerator/p/itmdb4830d870e27?pid=RFRG8ZA2E9BQG54Z&lid=LSTRFRG8ZA2E9BQG54Z65HA6R&marketplace=FLIPKART&q=fridge&store=j9e%2Fabm%2Fhzg&srno=s_28_670&otracker=search&otracker1=search&fm=organic&iid=d0e504e0-c2e8-4116-be07-bffaef6fefec.RFRG8ZA2E9BQG54Z.SEARCH&ppt=None&ppn=None&ssid=ie6a8qhkds0000001667799609705&qH=2be977f3ff92dd10,2022-11-07 11:10:24.213559+05:30
FKT87VJC,Whirlpool 190 L Direct Cool Single Door 3 Star Refrigerator,15340,17600,12% off,1327,122,4.2,"['Non Inverter Compressor', 'Built-in Stabilizer', '1 Year on Product and 10 Years on Compressor from Whirlpool']",https://www.flipkart.com/whirlpool-190-l-direct-cool-single-door-3-star-refrigerator/p/itm600cc6ce9ae49?pid=RFRG4XR6QNSM6X5H&lid=LSTRFRG4XR6QNSM6X5HUWM1ZO&marketplace=FLIPKART&q=fridge&store=j9e%2Fabm%2Fhzg&srno=s_28_671&otracker=search&otracker1=search&fm=organic&iid=en_hqhQBS07TPc15jn601ywSteD9WS1lkZFMDxI52VINxVzGO32yvHzzWLALgNnNBrG3RgyFZzsE5Uq1sCzOjbMWg%3D%3D&ppt=None&ppn=None&ssid=ie6a8qhkds0000001667799609705&qH=2be977f3ff92dd10,2022-11-07 11:10:24.518168+05:30
MJNII8GD,Whirlpool 190 L Direct Cool Single Door 3 Star Refrigerator,14640,17000,13% off,37835,3499,4.3,"['Normal Compressor', 'Built-in Stabilizer', '1 Year on Product and 10 Years on Compressor from Whirlpool']",https://www.flipkart.com/whirlpool-190-l-direct-cool-single-door-3-star-refrigerator/p/itmafa0a476dffe1?pid=RFRFZGFAHQ7VQXZF&lid=LSTRFRFZGFAHQ7VQXZFLUB4OV&marketplace=FLIPKART&q=fridge&store=j9e%2Fabm%2Fhzg&srno=s_28_672&otracker=search&otracker1=search&fm=organic&iid=en_hqhQBS07TPc15jn601ywSteD9WS1lkZFMDxI52VINxXcMt7q%2BDguheHXAMzm0SI%2BZZHikuLs61%2BJy0ccFBS1Fg%3D%3D&ppt=None&ppn=None&ssid=ie6a8qhkds0000001667799609705&qH=2be977f3ff92dd10,2022-11-07 11:10:24.820309+05:30
XYHFX7BL,LG 190 L Direct Cool Single Door 3 Star Refrigerator with Base Drawer,16484,17393,5% off,404,47,4.4,"['Smart Inverter Compressor', 'Built-in Stabilizer', '1 Year Warranty on product and 10 Years Warranty on compressor from LG']",https://www.flipkart.com/lg-190-l-direct-cool-single-door-3-star-refrigerator-base-drawer/p/itm4bdefda5b02c8?pid=RFRF22ZSKWRZY78G&lid=LSTRFRF22ZSKWRZY78GTJOINZ&marketplace=FLIPKART&q=fridge&store=j9e%2Fabm%2Fhzg&srno=s_29_673&otracker=search&otracker1=search&fm=organic&iid=875b8bd0-abeb-4119-a7c9-68de14d2efec.RFRF22ZSKWRZY78G.SEARCH&ppt=None&ppn=None&ssid=3luchjsjeo0000001667799625931&qH=2be977f3ff92dd10,2022-11-07 11:10:25.753890+05:30
J3NA0O2F,LG 260 L Frost Free Double Door Top Mount 2 Star Refrigerator,27690,36199,23% off,0,0,0,"['Inverter', '1 Year Warranty on Product']",https://www.flipkart.com/lg-260-l-frost-free-double-door-top-mount-2-star-refrigerator/p/itm7d21a8027c528?pid=RFRGGGRQADNTJUZK&lid=LSTRFRGGGRQADNTJUZKLNDSPJ&marketplace=FLIPKART&q=fridge&store=j9e%2Fabm%2Fhzg&srno=s_29_674&otracker=search&otracker1=search&fm=organic&iid=875b8bd0-abeb-4119-a7c9-68de14d2efec.RFRGGGRQADNTJUZK.SEARCH&ppt=None&ppn=None&ssid=3luchjsjeo0000001667799625931&qH=2be977f3ff92dd10,2022-11-07 11:10:26.642958+05:30
6ZOKID9X,SAMSUNG 230 L Direct Cool Single Door 3 Star Refrigerator,19590,20990,6% off,29,3,4.1,"['Digital Inverter Compressor', 'Built-in Stabilizer', '1 Year Warranty on Product and 10 Years on Compressor from Samsung']",https://www.flipkart.com/samsung-230-l-direct-cool-single-door-3-star-refrigerator/p/itma26f0c99ed179?pid=RFRFZKEUAGZ4BWQR&lid=LSTRFRFZKEUAGZ4BWQR4EVQRA&marketplace=FLIPKART&q=fridge&store=j9e%2Fabm%2Fhzg&srno=s_29_675&otracker=search&otracker1=search&fm=organic&iid=875b8bd0-abeb-4119-a7c9-68de14d2efec.RFRFZKEUAGZ4BWQR.SEARCH&ppt=None&ppn=None&ssid=3luchjsjeo0000001667799625931&qH=2be977f3ff92dd10,2022-11-07 11:10:27.411540+05:30
DY1R1EA6,Godrej 192 L Direct Cool Single Door 3 Star Refrigerator,15790,19800,20% off,14,1,4.5,"['Reciprocatory Compressor', 'Built-in Stabilizer', '1 Year Comprehensive Warranty on Product and 10 Years on Compressor']",https://www.flipkart.com/godrej-192-l-direct-cool-single-door-3-star-refrigerator/p/itm14a09278b2e54?pid=RFRFZFGGV8XQDNSE&lid=LSTRFRFZFGGV8XQDNSEHTAMHJ&marketplace=FLIPKART&q=fridge&store=j9e%2Fabm%2Fhzg&srno=s_29_676&otracker=search&otracker1=search&fm=organic&iid=875b8bd0-abeb-4119-a7c9-68de14d2efec.RFRFZFGGV8XQDNSE.SEARCH&ppt=None&ppn=None&ssid=3luchjsjeo0000001667799625931&qH=2be977f3ff92dd10,2022-11-07 11:10:28.179264+05:30
DVQ3NC06,Whirlpool 190 L Direct Cool Single Door 2 Star Refrigerator,12990,15600,16% off,37835,3499,4.3,"['Normal Compressor', 'Built-in Stabilizer', '1 Year on Product and 10 Years on Compressor from Whirlpool']",https://www.flipkart.com/whirlpool-190-l-direct-cool-single-door-2-star-refrigerator/p/itmf6b4c3749b7e4?pid=RFRFZGFAGZUJTXWF&lid=LSTRFRFZGFAGZUJTXWFPDDAKA&marketplace=FLIPKART&q=fridge&store=j9e%2Fabm%2Fhzg&srno=s_29_677&otracker=search&otracker1=search&fm=organic&iid=en_rD8rce%2BdztRprrslut%2BBeBzcf3pi4j2OeFY4N11ZuxtmIba8hSPW8Tpl6%2FfGMQ0cUxBERcvvxLbebUgcQtk5mQ%3D%3D&ppt=None&ppn=None&ssid=3luchjsjeo0000001667799625931&qH=2be977f3ff92dd10,2022-11-07 11:10:28.483445+05:30
YXC8KTDO,Whirlpool 240 L Frost Free Triple Door Refrigerator,27990,33250,15% off,30897,3819,4.4,"['Normal Compressor', 'Built-in Stabilizer', '1 Year Warranty on Product and 10 Years Warranty on Compressor from Whirlpool']",https://www.flipkart.com/whirlpool-240-l-frost-free-triple-door-refrigerator/p/itmf7z5vhfcxysvp?pid=RFRF3HZZZYTNKSCU&lid=LSTRFRF3HZZZYTNKSCUCOA9SO&marketplace=FLIPKART&q=fridge&store=j9e%2Fabm%2Fhzg&srno=s_29_678&otracker=search&otracker1=search&fm=organic&iid=en_rD8rce%2BdztRprrslut%2BBeBzcf3pi4j2OeFY4N11Zuxux0PIH8LbGosVV5zlL0S9Z7Rfr5RUYhX0WhJqwxOQvSg%3D%3D&ppt=None&ppn=None&ssid=3luchjsjeo0000001667799625931&qH=2be977f3ff92dd10,2022-11-07 11:10:28.770369+05:30
RKX6HUQ8,SAMSUNG 253 L Frost Free Double Door 2 Star Refrigerator,23280,26990,13% off,66,3,4.3,"['Digital Inverter Compressor', 'Built-in Stabilizer', '1 Year Warranty on Product and 10 Years on Compressor']",https://www.flipkart.com/samsung-253-l-frost-free-double-door-2-star-refrigerator/p/itmc390c966de1d5?pid=RFRFZGJCT8BEAVE5&lid=LSTRFRFZGJCT8BEAVE5RNIY8N&marketplace=FLIPKART&q=fridge&store=j9e%2Fabm%2Fhzg&srno=s_29_679&otracker=search&otracker1=search&fm=organic&iid=875b8bd0-abeb-4119-a7c9-68de14d2efec.RFRFZGJCT8BEAVE5.SEARCH&ppt=None&ppn=None&ssid=3luchjsjeo0000001667799625931&qH=2be977f3ff92dd10,2022-11-07 11:10:29.680579+05:30
HZP7JXSZ,LG 471 L Frost Free Double Door Top Mount 3 Star Convertible Refrigerator,67390,88499,23% off,17,1,4.7,"['Inverter Linear Compressor', 'Built-in Stabilizer', '1 Year on Product and 10 Years on Compressor from LG']",https://www.flipkart.com/lg-471-l-frost-free-double-door-top-mount-3-star-convertible-refrigerator/p/itmee0485cc73790?pid=RFRGYRZDD9DBDQRM&lid=LSTRFRGYRZDD9DBDQRMFY08AO&marketplace=FLIPKART&q=fridge&store=j9e%2Fabm%2Fhzg&srno=s_29_680&otracker=search&otracker1=search&fm=organic&iid=875b8bd0-abeb-4119-a7c9-68de14d2efec.RFRGYRZDD9DBDQRM.SEARCH&ppt=None&ppn=None&ssid=3luchjsjeo0000001667799625931&qH=2be977f3ff92dd10,2022-11-07 11:10:30.466010+05:30
94U06EJO,Whirlpool 190 L Direct Cool Single Door 3 Star Refrigerator with Base Drawer,16340,20450,20% off,820,91,4.3,"['Non Inverter Compressor', 'Built-in Stabilizer', '1 Year on Product and 10 Years on Compressor from Whirlpool']",https://www.flipkart.com/whirlpool-190-l-direct-cool-single-door-3-star-refrigerator-base-drawer/p/itm495a967730b3c?pid=RFRG4XR6ZDXBEMZR&lid=LSTRFRG4XR6ZDXBEMZRXQJ2DZ&marketplace=FLIPKART&q=fridge&store=j9e%2Fabm%2Fhzg&srno=s_29_681&otracker=search&otracker1=search&fm=organic&iid=en_rD8rce%2BdztRprrslut%2BBeBzcf3pi4j2OeFY4N11ZuxvyPbi4%2Fn7j5d8um1Bmt8c9Cik8178uFvOyLd%2F99yHoOg%3D%3D&ppt=None&ppn=None&ssid=3luchjsjeo0000001667799625931&qH=2be977f3ff92dd10,2022-11-07 11:10:30.835293+05:30
AP56SLBG,Whirlpool 190 L Direct Cool Single Door 2 Star Refrigerator,13540,15900,14% off,37835,3499,4.3,"['Normal Compressor', 'Built-in Stabilizer', '1 Year on Product and 10 Years on Compressor from Whirlpool']",https://www.flipkart.com/whirlpool-190-l-direct-cool-single-door-2-star-refrigerator/p/itm23de1846cafca?pid=RFRFZGFANZJHN6SB&lid=LSTRFRFZGFANZJHN6SBRJ24IH&marketplace=FLIPKART&q=fridge&store=j9e%2Fabm%2Fhzg&srno=s_29_682&otracker=search&otracker1=search&fm=organic&iid=en_rD8rce%2BdztRprrslut%2BBeBzcf3pi4j2OeFY4N11Zuxudru4YazEieG%2B2CxUxkkjafG1q4G8NhosLJpsjXdZLzg%3D%3D&ppt=None&ppn=None&ssid=3luchjsjeo0000001667799625931&qH=2be977f3ff92dd10,2022-11-07 11:10:31.145749+05:30
X5G79DYJ,Liebherr 472 L Frost Free Double Door Top Mount 2 Star Refrigerator,53340,67230,20% off,8,0,4,"['Nextgen 8 Step Inverter Compressor', 'Built-in Stabilizer', '1 Year Warranty on Product  and 10 Years on Compressor']",https://www.flipkart.com/liebherr-472-l-frost-free-double-door-top-mount-2-star-refrigerator/p/itm90375417b55c8?pid=RFRG4ZQHWRTWG2H8&lid=LSTRFRG4ZQHWRTWG2H8JWSIUZ&marketplace=FLIPKART&q=fridge&store=j9e%2Fabm%2Fhzg&srno=s_29_683&otracker=search&otracker1=search&fm=organic&iid=875b8bd0-abeb-4119-a7c9-68de14d2efec.RFRG4ZQHWRTWG2H8.SEARCH&ppt=None&ppn=None&ssid=3luchjsjeo0000001667799625931&qH=2be977f3ff92dd10,2022-11-07 11:10:31.980349+05:30
SXQS4NOW,SAMSUNG 198 L Direct Cool Single Door 4 Star Refrigerator,16999,20990,19% off,4,0,5,"['Digital Inverter Compressor', 'Built-in Stabilizer', '1 Year Warranty on Product and 10 Years on Compressor from Samsung']",https://www.flipkart.com/samsung-198-l-direct-cool-single-door-4-star-refrigerator/p/itm7019808e0fe03?pid=RFRG5VFEKXHKZZQA&lid=LSTRFRG5VFEKXHKZZQAPS7LMN&marketplace=FLIPKART&q=fridge&store=j9e%2Fabm%2Fhzg&srno=s_29_684&otracker=search&otracker1=search&fm=organic&iid=875b8bd0-abeb-4119-a7c9-68de14d2efec.RFRG5VFEKXHKZZQA.SEARCH&ppt=None&ppn=None&ssid=3luchjsjeo0000001667799625931&qH=2be977f3ff92dd10,2022-11-07 11:10:32.789431+05:30
ZWSANTMA,LG 215 L Direct Cool Single Door 5 Star Refrigerator with Base Drawer,29099,29099,0,0,0,0,"['Smart Inverter Compressor', 'Built-in Stabilizer', '1 Year Warranty on Product and 10 Years Warranty on Compressor']",https://www.flipkart.com/lg-215-l-direct-cool-single-door-5-star-refrigerator-base-drawer/p/itm39f946bbf7bb5?pid=RFRGGBY5TAZTGUJR&lid=LSTRFRGGBY5TAZTGUJRO5QQWL&marketplace=FLIPKART&q=fridge&store=j9e%2Fabm%2Fhzg&srno=s_29_685&otracker=search&otracker1=search&fm=organic&iid=875b8bd0-abeb-4119-a7c9-68de14d2efec.RFRGGBY5TAZTGUJR.SEARCH&ppt=None&ppn=None&ssid=3luchjsjeo0000001667799625931&qH=2be977f3ff92dd10,2022-11-07 11:10:33.585536+05:30
CSNLQ0C5,Voltas Beko 200 L Direct Cool Single Door 3 Star Refrigerator,17189,25000,31% off,0,0,0,"['Reciprocating Compressor', 'Built-in Stabilizer', '2 year comprehensive, additional 08 year on compressor']",https://www.flipkart.com/voltas-beko-200-l-direct-cool-single-door-3-star-refrigerator/p/itm4997cd40067dd?pid=RFRGHWAGWR3DGNVH&lid=LSTRFRGHWAGWR3DGNVHNJKUMV&marketplace=FLIPKART&q=fridge&store=j9e%2Fabm%2Fhzg&srno=s_29_686&otracker=search&otracker1=search&fm=organic&iid=875b8bd0-abeb-4119-a7c9-68de14d2efec.RFRGHWAGWR3DGNVH.SEARCH&ppt=None&ppn=None&ssid=3luchjsjeo0000001667799625931&qH=2be977f3ff92dd10,2022-11-07 11:10:34.387786+05:30
DJ90YSPJ,Whirlpool 300 L Frost Free Triple Door Refrigerator,34390,43950,21% off,30897,3819,4.4,"['Normal Compressor', 'Built-in Stabilizer', '1 Year Warranty on Product and 10 Years on Compressor From Whirlpool']",https://www.flipkart.com/whirlpool-300-l-frost-free-triple-door-refrigerator/p/itmexbvqq3h9zyz2?pid=RFRDZEQ7FYQ5QTSN&lid=LSTRFRDZEQ7FYQ5QTSNHFAVDN&marketplace=FLIPKART&q=fridge&store=j9e%2Fabm%2Fhzg&srno=s_29_687&otracker=search&otracker1=search&fm=organic&iid=en_rD8rce%2BdztRprrslut%2BBeBzcf3pi4j2OeFY4N11Zuxt1DJ%2FAZkjbGDR1EsW4mvHwDo5XXw04e34i8rC9wk%2FwUA%3D%3D&ppt=None&ppn=None&ssid=3luchjsjeo0000001667799625931&qH=2be977f3ff92dd10,2022-11-07 11:10:34.698166+05:30
X6AQKUR5,Whirlpool 190 L Direct Cool Single Door 3 Star Refrigerator with Base Drawer,16340,19500,16% off,444,34,4.3,"['Non Inverter Compressor', 'Built-in Stabilizer', '1 Year on Product and 10 Years on Compressor from Whirlpool']",https://www.flipkart.com/whirlpool-190-l-direct-cool-single-door-3-star-refrigerator-base-drawer/p/itmd625ad7498750?pid=RFRG4XR6FXK3XANH&lid=LSTRFRG4XR6FXK3XANH2QMZGI&marketplace=FLIPKART&q=fridge&store=j9e%2Fabm%2Fhzg&srno=s_29_688&otracker=search&otracker1=search&fm=organic&iid=en_rD8rce%2BdztRprrslut%2BBeBzcf3pi4j2OeFY4N11ZuxvYHd1LBB9LSPIVPgdGbNP%2BMGzOfXGzGk9IKwrcXp9P4A%3D%3D&ppt=None&ppn=None&ssid=3luchjsjeo0000001667799625931&qH=2be977f3ff92dd10,2022-11-07 11:10:35.037247+05:30
JBPHITU3,SAMSUNG 225 L Direct Cool Single Door 3 Star Refrigerator,18900,21990,14% off,28,2,4.6,"['Digital Inverter Compressor', 'Built-in Stabilizer', '1 Year Warranty on Product and 10 Years on Compressor from Samsung']",https://www.flipkart.com/samsung-225-l-direct-cool-single-door-3-star-refrigerator/p/itmb60811fc2479d?pid=RFRG49A7XKYYHPVG&lid=LSTRFRG49A7XKYYHPVGGILTIH&marketplace=FLIPKART&q=fridge&store=j9e%2Fabm%2Fhzg&srno=s_29_689&otracker=search&otracker1=search&fm=organic&iid=875b8bd0-abeb-4119-a7c9-68de14d2efec.RFRG49A7XKYYHPVG.SEARCH&ppt=None&ppn=None&ssid=3luchjsjeo0000001667799625931&qH=2be977f3ff92dd10,2022-11-07 11:10:35.758506+05:30
G2ZRI1HP,Whirlpool 215 L Direct Cool Single Door 3 Star Refrigerator,17990,19300,6% off,10025,1047,4.3,"['Non Inverter Compressor', 'Built-in Stabilizer', '1 Year on Product and 10 Years on Compressor from Whirlpool']",https://www.flipkart.com/whirlpool-215-l-direct-cool-single-door-3-star-refrigerator/p/itmac985457ad6fd?pid=RFRFYZCQ2FXZFY5V&lid=LSTRFRFYZCQ2FXZFY5V0S1L5U&marketplace=FLIPKART&q=fridge&store=j9e%2Fabm%2Fhzg&srno=s_29_690&otracker=search&otracker1=search&fm=organic&iid=875b8bd0-abeb-4119-a7c9-68de14d2efec.RFRFYZCQ2FXZFY5V.SEARCH&ppt=None&ppn=None&ssid=3luchjsjeo0000001667799625931&qH=2be977f3ff92dd10,2022-11-07 11:10:36.578285+05:30
2FL9NZFV,Whirlpool 190 L Direct Cool Single Door 2 Star Refrigerator,13540,16500,17% off,37835,3499,4.3,"['Normal Compressor', 'Built-in Stabilizer', '1 Year on Product and 10 Years on Compressor from Whirlpool']",https://www.flipkart.com/whirlpool-190-l-direct-cool-single-door-2-star-refrigerator/p/itm823c53fcf0200?pid=RFRFZGFADYS3UTBG&lid=LSTRFRFZGFADYS3UTBGFVSNUE&marketplace=FLIPKART&q=fridge&store=j9e%2Fabm%2Fhzg&srno=s_29_691&otracker=search&otracker1=search&fm=organic&iid=en_rD8rce%2BdztRprrslut%2BBeBzcf3pi4j2OeFY4N11ZuxvXAdzgNIqHUazDXTdsxCAw6VmDAgCf6DMckC1h3ZnRZg%3D%3D&ppt=None&ppn=None&ssid=3luchjsjeo0000001667799625931&qH=2be977f3ff92dd10,2022-11-07 11:10:36.949074+05:30
SGTK76ZD,Whirlpool 190 L Direct Cool Single Door 3 Star Refrigerator,15340,18000,14% off,622,47,4.3,"['Non Inverter Compressor', 'Built-in Stabilizer', '1 Year on Product and 10 Years on Compressor from Whirlpool']",https://www.flipkart.com/whirlpool-190-l-direct-cool-single-door-3-star-refrigerator/p/itmc4870feb17803?pid=RFRG4XR689KTY9QT&lid=LSTRFRG4XR689KTY9QTJUWMVD&marketplace=FLIPKART&q=fridge&store=j9e%2Fabm%2Fhzg&srno=s_29_692&otracker=search&otracker1=search&fm=organic&iid=en_rD8rce%2BdztRprrslut%2BBeBzcf3pi4j2OeFY4N11Zuxs6FBhQt6BwAkWPpqFnU0%2BHSnPWXWX2eFur1r0QMwaKtQ%3D%3D&ppt=None&ppn=None&ssid=3luchjsjeo0000001667799625931&qH=2be977f3ff92dd10,2022-11-07 11:10:37.254475+05:30
KDS7A870,SAMSUNG 198 L Direct Cool Single Door 3 Star Refrigerator with Base Drawer,17799,20990,15% off,12,1,4.4,"['Digital Inverter Compressor', 'Built-in Stabilizer', '1 Year Warranty on Product and 10 Years on Compressor']",https://www.flipkart.com/samsung-198-l-direct-cool-single-door-3-star-refrigerator-base-drawer/p/itm7631b01cd2ad7?pid=RFRFRCYMWXZK6HAM&lid=LSTRFRFRCYMWXZK6HAMXHYY9J&marketplace=FLIPKART&q=fridge&store=j9e%2Fabm%2Fhzg&srno=s_29_693&otracker=search&otracker1=search&fm=organic&iid=875b8bd0-abeb-4119-a7c9-68de14d2efec.RFRFRCYMWXZK6HAM.SEARCH&ppt=None&ppn=None&ssid=3luchjsjeo0000001667799625931&qH=2be977f3ff92dd10,2022-11-07 11:10:38.074113+05:30
ODMD3KXS,LG 190 L Direct Cool Single Door 1 Star Refrigerator,13850,15699,11% off,4,0,3,"['RECIPROCATING COMPRESSOR', 'Built-in Stabilizer', '1 Year on Refrigerator Unit and 5 Years on Compressor from LG']",https://www.flipkart.com/lg-190-l-direct-cool-single-door-1-star-refrigerator/p/itm0c5a4eeab9f22?pid=RFRGD8GTGC3BHKYZ&lid=LSTRFRGD8GTGC3BHKYZ4O7BQO&marketplace=FLIPKART&q=fridge&store=j9e%2Fabm%2Fhzg&srno=s_29_694&otracker=search&otracker1=search&fm=organic&iid=875b8bd0-abeb-4119-a7c9-68de14d2efec.RFRGD8GTGC3BHKYZ.SEARCH&ppt=None&ppn=None&ssid=3luchjsjeo0000001667799625931&qH=2be977f3ff92dd10,2022-11-07 11:10:38.848482+05:30
VT5359UT,Midea 584 L Frost Free Side by Side Refrigerator,55990,79990,30% off,221,28,4.4,"['DC Inverter Compressor', 'Built-in Stabilizer', '1 Year Comprehensive (Product) Warranty and 10 Years Warranty on Compressor from Midea']",https://www.flipkart.com/midea-584-l-frost-free-side-refrigerator/p/itmf77ht4pukhsyz?pid=RFRFT34JVRGRASD4&lid=LSTRFRFT34JVRGRASD4YF7FFZ&marketplace=FLIPKART&q=fridge&store=j9e%2Fabm%2Fhzg&srno=s_29_695&otracker=search&otracker1=search&fm=organic&iid=875b8bd0-abeb-4119-a7c9-68de14d2efec.RFRFT34JVRGRASD4.SEARCH&ppt=None&ppn=None&ssid=3luchjsjeo0000001667799625931&qH=2be977f3ff92dd10,2022-11-07 11:10:39.725989+05:30
C05KDJV2,SAMSUNG 192 L Direct Cool Single Door 2 Star Refrigerator,15590,17990,13% off,31,2,4.6,"['Linear Compressor', 'Built-in Stabilizer', '1 Year on Product and 10 Years on Compressor From Samsung']",https://www.flipkart.com/samsung-192-l-direct-cool-single-door-2-star-refrigerator/p/itm9dd72822750cf?pid=RFRFZKEUFHMJDVVX&lid=LSTRFRFZKEUFHMJDVVXJID7CD&marketplace=FLIPKART&q=fridge&store=j9e%2Fabm%2Fhzg&srno=s_29_696&otracker=search&otracker1=search&fm=organic&iid=875b8bd0-abeb-4119-a7c9-68de14d2efec.RFRFZKEUFHMJDVVX.SEARCH&ppt=None&ppn=None&ssid=3luchjsjeo0000001667799625931&qH=2be977f3ff92dd10,2022-11-07 11:10:40.500313+05:30
MXQUW2OB,Whirlpool 190 L Direct Cool Single Door 2 Star Refrigerator,12990,15600,16% off,37835,3499,4.3,"['Normal Compressor', 'Built-in Stabilizer', '1 Year on Product and 10 Years on Compressor from Whirlpool']",https://www.flipkart.com/whirlpool-190-l-direct-cool-single-door-2-star-refrigerator/p/itmf6b4c3749b7e4?pid=RFRFZGFAGZUJTXWF&lid=LSTRFRFZGFAGZUJTXWFPDDAKA&marketplace=FLIPKART&q=fridge&store=j9e%2Fabm%2Fhzg&srno=s_30_697&otracker=search&otracker1=search&fm=organic&iid=en_zhUh%2FxbD22BlgHg6A%2BPpcnZunG6SW4kLUZmEu6kqeZKv5kkAY2dF8ggGIdFOj%2FwtUxBERcvvxLbebUgcQtk5mQ%3D%3D&ppt=None&ppn=None&ssid=4fhuu5abc00000001667799641763&qH=2be977f3ff92dd10,2022-11-07 11:10:41.637366+05:30
K6R6S1DT,Whirlpool 240 L Frost Free Triple Door Refrigerator,27990,33250,15% off,30897,3819,4.4,"['Normal Compressor', 'Built-in Stabilizer', '1 Year Warranty on Product and 10 Years Warranty on Compressor from Whirlpool']",https://www.flipkart.com/whirlpool-240-l-frost-free-triple-door-refrigerator/p/itmf7z5vhfcxysvp?pid=RFRF3HZZZYTNKSCU&lid=LSTRFRF3HZZZYTNKSCUCOA9SO&marketplace=FLIPKART&q=fridge&store=j9e%2Fabm%2Fhzg&srno=s_30_698&otracker=search&otracker1=search&fm=organic&iid=en_zhUh%2FxbD22BlgHg6A%2BPpcnZunG6SW4kLUZmEu6kqeZIcUiiGFuH%2FtoD6unuyEzB07Rfr5RUYhX0WhJqwxOQvSg%3D%3D&ppt=None&ppn=None&ssid=4fhuu5abc00000001667799641763&qH=2be977f3ff92dd10,2022-11-07 11:10:41.926287+05:30
45V5271Z,Voltas Beko 185 L Direct Cool Single Door 2 Star Refrigerator,14899,18390,18% off,0,0,0,"['Inverter Compressor', 'Built-in Stabilizer', '2 Years Comprehensive and Additional 8 Years on Compressor from Voltas Beko']",https://www.flipkart.com/voltas-beko-185-l-direct-cool-single-door-2-star-refrigerator/p/itm1afd6b6d76525?pid=RFRGJFHVHJ4RB76F&lid=LSTRFRGJFHVHJ4RB76F1RFJQM&marketplace=FLIPKART&q=fridge&store=j9e%2Fabm%2Fhzg&srno=s_30_699&otracker=search&otracker1=search&fm=organic&iid=1f81931a-e73c-4c26-8639-51d7b051c89c.RFRGJFHVHJ4RB76F.SEARCH&ppt=None&ppn=None&ssid=4fhuu5abc00000001667799641763&qH=2be977f3ff92dd10,2022-11-07 11:10:42.724933+05:30
4UL5SY4B,Whirlpool 325 L Frost Free Double Door Bottom Mount 2 Star Refrigerator,40240,42100,4% off,52,10,3.9,"['Intellisense Inverter Compressor', 'Built-in Stabilizer', '1 Year on Product and 10 Years on the Compressor from Whirlpool']",https://www.flipkart.com/whirlpool-325-l-frost-free-double-door-bottom-mount-2-star-refrigerator/p/itmdc46c770eacf4?pid=RFRFU3J6NGBDHVPR&lid=LSTRFRFU3J6NGBDHVPRQUTKSQ&marketplace=FLIPKART&q=fridge&store=j9e%2Fabm%2Fhzg&srno=s_30_700&otracker=search&otracker1=search&fm=organic&iid=1f81931a-e73c-4c26-8639-51d7b051c89c.RFRFU3J6NGBDHVPR.SEARCH&ppt=None&ppn=None&ssid=4fhuu5abc00000001667799641763&qH=2be977f3ff92dd10,2022-11-07 11:10:43.029286+05:30
CIJMTSAY,Whirlpool 190 L Direct Cool Single Door 3 Star Refrigerator with Base Drawer,16340,20450,20% off,820,91,4.3,"['Non Inverter Compressor', 'Built-in Stabilizer', '1 Year on Product and 10 Years on Compressor from Whirlpool']",https://www.flipkart.com/whirlpool-190-l-direct-cool-single-door-3-star-refrigerator-base-drawer/p/itm495a967730b3c?pid=RFRG4XR6ZDXBEMZR&lid=LSTRFRG4XR6ZDXBEMZRXQJ2DZ&marketplace=FLIPKART&q=fridge&store=j9e%2Fabm%2Fhzg&srno=s_30_701&otracker=search&otracker1=search&fm=organic&iid=en_zhUh%2FxbD22BlgHg6A%2BPpcnZunG6SW4kLUZmEu6kqeZIPnuvsUTicQUPVrWDbpSe3Cik8178uFvOyLd%2F99yHoOg%3D%3D&ppt=None&ppn=None&ssid=4fhuu5abc00000001667799641763&qH=2be977f3ff92dd10,2022-11-07 11:10:43.345207+05:30
P2MLOQMA,Whirlpool 190 L Direct Cool Single Door 2 Star Refrigerator,13540,15900,14% off,37835,3499,4.3,"['Normal Compressor', 'Built-in Stabilizer', '1 Year on Product and 10 Years on Compressor from Whirlpool']",https://www.flipkart.com/whirlpool-190-l-direct-cool-single-door-2-star-refrigerator/p/itm23de1846cafca?pid=RFRFZGFANZJHN6SB&lid=LSTRFRFZGFANZJHN6SBRJ24IH&marketplace=FLIPKART&q=fridge&store=j9e%2Fabm%2Fhzg&srno=s_30_702&otracker=search&otracker1=search&fm=organic&iid=en_zhUh%2FxbD22BlgHg6A%2BPpcnZunG6SW4kLUZmEu6kqeZJj%2Fra3NLNCDyQG30MjdZJSfG1q4G8NhosLJpsjXdZLzg%3D%3D&ppt=None&ppn=None&ssid=4fhuu5abc00000001667799641763&qH=2be977f3ff92dd10,2022-11-07 11:10:43.715352+05:30
TJ2ZD8G7,Godrej 253 L Frost Free Double Door 2 Star Refrigerator,23990,33015,27% off,0,0,0,"['Inverter Compressor', '1 Year Comprehensive Warranty and 10 Years Compressor Warranty']",https://www.flipkart.com/godrej-253-l-frost-free-double-door-2-star-refrigerator/p/itma01590303c05f?pid=RFRGDSBHDZEXZEXM&lid=LSTRFRGDSBHDZEXZEXM04NZOV&marketplace=FLIPKART&q=fridge&store=j9e%2Fabm%2Fhzg&srno=s_30_703&otracker=search&otracker1=search&fm=organic&iid=1f81931a-e73c-4c26-8639-51d7b051c89c.RFRGDSBHDZEXZEXM.SEARCH&ppt=None&ppn=None&ssid=4fhuu5abc00000001667799641763&qH=2be977f3ff92dd10,2022-11-07 11:10:44.143005+05:30
75MZPML5,LG 360 L Frost Free Double Door 3 Star Convertible Refrigerator,45550,55390,17% off,0,0,0,"['Smart Inverter Compressor', 'Built-in Stabilizer', '1 Year Warranty on Product and 10 Years Warranty on Compressor from LG']",https://www.flipkart.com/lg-360-l-frost-free-double-door-3-star-convertible-refrigerator/p/itme3e87879abfcb?pid=RFRGGHUCFZANFNMK&lid=LSTRFRGGHUCFZANFNMKYHEAYC&marketplace=FLIPKART&q=fridge&store=j9e%2Fabm%2Fhzg&srno=s_30_704&otracker=search&otracker1=search&fm=organic&iid=1f81931a-e73c-4c26-8639-51d7b051c89c.RFRGGHUCFZANFNMK.SEARCH&ppt=None&ppn=None&ssid=4fhuu5abc00000001667799641763&qH=2be977f3ff92dd10,2022-11-07 11:10:44.952364+05:30
VM31MGHS,LG 190 L Direct Cool Single Door 5 Star Refrigerator with Base Drawer,20553,25000,17% off,97,10,4.4,"['Reciprocatory Compressor', '5 Years LG Warranty']",https://www.flipkart.com/lg-190-l-direct-cool-single-door-5-star-refrigerator-base-drawer/p/itme6pq3zgqkusbz?pid=RFRE6PQ3DYEHZEVN&lid=LSTRFRE6PQ3DYEHZEVNPY7DGC&marketplace=FLIPKART&q=fridge&store=j9e%2Fabm%2Fhzg&srno=s_30_705&otracker=search&otracker1=search&fm=organic&iid=1f81931a-e73c-4c26-8639-51d7b051c89c.RFRE6PQ3DYEHZEVN.SEARCH&ppt=None&ppn=None&ssid=4fhuu5abc00000001667799641763&qH=2be977f3ff92dd10,2022-11-07 11:10:45.312640+05:30
84OB04CO,BOSCH 332 L Frost Free Triple Door Convertible Refrigerator,41400,58190,28% off,0,0,0,"['Vario Inverter Compressor', 'Built-in Stabilizer', '1 Year on Product and 10 Years on Compressor from the Date of Purchase']",https://www.flipkart.com/bosch-332-l-frost-free-triple-door-convertible-refrigerator/p/itm3147dcf082ec5?pid=RFRGAXGFFU97SYYH&lid=LSTRFRGAXGFFU97SYYHE868UG&marketplace=FLIPKART&q=fridge&store=j9e%2Fabm%2Fhzg&srno=s_30_706&otracker=search&otracker1=search&fm=organic&iid=1f81931a-e73c-4c26-8639-51d7b051c89c.RFRGAXGFFU97SYYH.SEARCH&ppt=None&ppn=None&ssid=4fhuu5abc00000001667799641763&qH=2be977f3ff92dd10,2022-11-07 11:10:45.654643+05:30
S0W9RSNC,Whirlpool 300 L Frost Free Triple Door Refrigerator,34390,43950,21% off,30897,3819,4.4,"['Normal Compressor', 'Built-in Stabilizer', '1 Year Warranty on Product and 10 Years on Compressor From Whirlpool']",https://www.flipkart.com/whirlpool-300-l-frost-free-triple-door-refrigerator/p/itmexbvqq3h9zyz2?pid=RFRDZEQ7FYQ5QTSN&lid=LSTRFRDZEQ7FYQ5QTSNHFAVDN&marketplace=FLIPKART&q=fridge&store=j9e%2Fabm%2Fhzg&srno=s_30_707&otracker=search&otracker1=search&fm=organic&iid=en_zhUh%2FxbD22BlgHg6A%2BPpcnZunG6SW4kLUZmEu6kqeZKW5BHrspt5e9IUV8s5JzXMDo5XXw04e34i8rC9wk%2FwUA%3D%3D&ppt=None&ppn=None&ssid=4fhuu5abc00000001667799641763&qH=2be977f3ff92dd10,2022-11-07 11:10:45.987351+05:30
C0Q3ONXT,Whirlpool 190 L Direct Cool Single Door 3 Star Refrigerator with Base Drawer,16340,19500,16% off,444,34,4.3,"['Non Inverter Compressor', 'Built-in Stabilizer', '1 Year on Product and 10 Years on Compressor from Whirlpool']",https://www.flipkart.com/whirlpool-190-l-direct-cool-single-door-3-star-refrigerator-base-drawer/p/itmd625ad7498750?pid=RFRG4XR6FXK3XANH&lid=LSTRFRG4XR6FXK3XANH2QMZGI&marketplace=FLIPKART&q=fridge&store=j9e%2Fabm%2Fhzg&srno=s_30_708&otracker=search&otracker1=search&fm=organic&iid=en_zhUh%2FxbD22BlgHg6A%2BPpcnZunG6SW4kLUZmEu6kqeZJs8Hd3xb1B4uKdZMM4eDc6MGzOfXGzGk9IKwrcXp9P4A%3D%3D&ppt=None&ppn=None&ssid=4fhuu5abc00000001667799641763&qH=2be977f3ff92dd10,2022-11-07 11:10:46.298651+05:30
JHTA7VZA,SAMSUNG 288 L Frost Free Double Door 2 Star Convertible Refrigerator,35339,39990,11% off,0,0,0,"['Digital Inverter Compressor', 'Built-in Stabilizer', '1 Year Warranty on Product and 10 Years on Compressor from Samsung']",https://www.flipkart.com/samsung-288-l-frost-free-double-door-2-star-convertible-refrigerator/p/itm2482ae13d586f?pid=RFRFZKEUXVSA4X5V&lid=LSTRFRFZKEUXVSA4X5VZIAZC5&marketplace=FLIPKART&q=fridge&store=j9e%2Fabm%2Fhzg&srno=s_30_709&otracker=search&otracker1=search&fm=organic&iid=1f81931a-e73c-4c26-8639-51d7b051c89c.RFRFZKEUXVSA4X5V.SEARCH&ppt=None&ppn=None&ssid=4fhuu5abc00000001667799641763&qH=2be977f3ff92dd10,2022-11-07 11:10:47.162717+05:30
23LHKTCC,Midea 661 L Frost Free Side by Side Refrigerator,73990,109990,32% off,6,1,5,"['DC Inverter Compressor', 'Built-in Stabilizer', '1 Year on Product and 10 Years on Compressor from Midea']",https://www.flipkart.com/midea-661-l-frost-free-side-refrigerator/p/itmd23582cc4b63b?pid=RFRFT34JWZZKP2JR&lid=LSTRFRFT34JWZZKP2JRU5NOPC&marketplace=FLIPKART&q=fridge&store=j9e%2Fabm%2Fhzg&srno=s_30_710&otracker=search&otracker1=search&fm=organic&iid=1f81931a-e73c-4c26-8639-51d7b051c89c.RFRFT34JWZZKP2JR.SEARCH&ppt=None&ppn=None&ssid=4fhuu5abc00000001667799641763&qH=2be977f3ff92dd10,2022-11-07 11:10:47.520014+05:30
RI16I3MK,Whirlpool 190 L Direct Cool Single Door 2 Star Refrigerator,13540,16500,17% off,37835,3499,4.3,"['Normal Compressor', 'Built-in Stabilizer', '1 Year on Product and 10 Years on Compressor from Whirlpool']",https://www.flipkart.com/whirlpool-190-l-direct-cool-single-door-2-star-refrigerator/p/itm823c53fcf0200?pid=RFRFZGFADYS3UTBG&lid=LSTRFRFZGFADYS3UTBGFVSNUE&marketplace=FLIPKART&q=fridge&store=j9e%2Fabm%2Fhzg&srno=s_30_711&otracker=search&otracker1=search&fm=organic&iid=en_zhUh%2FxbD22BlgHg6A%2BPpcnZunG6SW4kLUZmEu6kqeZKsnhopWRJEpLg1nsiYfKir6VmDAgCf6DMckC1h3ZnRZg%3D%3D&ppt=None&ppn=None&ssid=4fhuu5abc00000001667799641763&qH=2be977f3ff92dd10,2022-11-07 11:10:47.826807+05:30
VWXBD50D,Whirlpool 190 L Direct Cool Single Door 3 Star Refrigerator,15340,18000,14% off,622,47,4.3,"['Non Inverter Compressor', 'Built-in Stabilizer', '1 Year on Product and 10 Years on Compressor from Whirlpool']",https://www.flipkart.com/whirlpool-190-l-direct-cool-single-door-3-star-refrigerator/p/itmc4870feb17803?pid=RFRG4XR689KTY9QT&lid=LSTRFRG4XR689KTY9QTJUWMVD&marketplace=FLIPKART&q=fridge&store=j9e%2Fabm%2Fhzg&srno=s_30_712&otracker=search&otracker1=search&fm=organic&iid=en_zhUh%2FxbD22BlgHg6A%2BPpcnZunG6SW4kLUZmEu6kqeZIUPXEvajkIiAtpLINtUvNWSnPWXWX2eFur1r0QMwaKtQ%3D%3D&ppt=None&ppn=None&ssid=4fhuu5abc00000001667799641763&qH=2be977f3ff92dd10,2022-11-07 11:10:48.126448+05:30
F1FR19DA,SAMSUNG 551 L Frost Free Double Door 2 Star Refrigerator,60590,75900,20% off,29,1,4.3,"['Digital Inverter Compressor', '1 Year Warranty on Product and 10 Years Warranty on Compressor from Samsung']",https://www.flipkart.com/samsung-551-l-frost-free-double-door-2-star-refrigerator/p/itm5e722c0ed6dfa?pid=RFREHA8QK3RN2DJP&lid=LSTRFREHA8QK3RN2DJPTGD7MZ&marketplace=FLIPKART&q=fridge&store=j9e%2Fabm%2Fhzg&srno=s_30_713&otracker=search&otracker1=search&fm=organic&iid=1f81931a-e73c-4c26-8639-51d7b051c89c.RFREHA8QK3RN2DJP.SEARCH&ppt=None&ppn=None&ssid=4fhuu5abc00000001667799641763&qH=2be977f3ff92dd10,2022-11-07 11:10:49.048629+05:30
ECDLMT11,BOSCH 332 L Frost Free Double Door Top Mount Refrigerator,44290,53490,17% off,0,0,0,"['VarioInverter', '1 Year on Product']",https://www.flipkart.com/bosch-332-l-frost-free-double-door-top-mount-refrigerator/p/itm3147dcf082ec5?pid=RFRGHYFD5ZVREVP9&lid=LSTRFRGHYFD5ZVREVP9FEAQCV&marketplace=FLIPKART&q=fridge&store=j9e%2Fabm%2Fhzg&srno=s_30_714&otracker=search&otracker1=search&fm=organic&iid=1f81931a-e73c-4c26-8639-51d7b051c89c.RFRGHYFD5ZVREVP9.SEARCH&ppt=None&ppn=None&ssid=4fhuu5abc00000001667799641763&qH=2be977f3ff92dd10,2022-11-07 11:10:49.946544+05:30
8EAHXOWE,Godrej 215 L Direct Cool Single Door 3 Star Refrigerator with Base Drawer,16990,20490,17% off,13334,1451,4.3,"['Reciprocatory Compressor', 'Built-in Stabilizer', '1 Year on Product and 10 Years on Compressor From Godrej']",https://www.flipkart.com/godrej-215-l-direct-cool-single-door-3-star-refrigerator-base-drawer/p/itmd1b22e97d91af?pid=RFRFZTKRQGPVXMHP&lid=LSTRFRFZTKRQGPVXMHPHEQHAK&marketplace=FLIPKART&q=fridge&store=j9e%2Fabm%2Fhzg&srno=s_30_715&otracker=search&otracker1=search&fm=organic&iid=1f81931a-e73c-4c26-8639-51d7b051c89c.RFRFZTKRQGPVXMHP.SEARCH&ppt=None&ppn=None&ssid=4fhuu5abc00000001667799641763&qH=2be977f3ff92dd10,2022-11-07 11:10:51.011354+05:30
EHVILQMF,LG 215 L Direct Cool Single Door 4 Star Refrigerator,18450,21390,13% off,89,9,4.3,"['Smart Inverter Compressor', 'Built-in Stabilizer', '1 Year on Product and 10 Years on Compressor From LG']",https://www.flipkart.com/lg-215-l-direct-cool-single-door-4-star-refrigerator/p/itmf65de349dd5a3?pid=RFRFPHH7XK6TPAVG&lid=LSTRFRFPHH7XK6TPAVGG8MXGQ&marketplace=FLIPKART&q=fridge&store=j9e%2Fabm%2Fhzg&srno=s_30_716&otracker=search&otracker1=search&fm=organic&iid=1f81931a-e73c-4c26-8639-51d7b051c89c.RFRFPHH7XK6TPAVG.SEARCH&ppt=None&ppn=None&ssid=4fhuu5abc00000001667799641763&qH=2be977f3ff92dd10,2022-11-07 11:10:51.906445+05:30
IN7N8YSE,Whirlpool 190 L Direct Cool Single Door 3 Star Refrigerator,15340,17600,12% off,1327,122,4.2,"['Non Inverter Compressor', 'Built-in Stabilizer', '1 Year on Product and 10 Years on Compressor from Whirlpool']",https://www.flipkart.com/whirlpool-190-l-direct-cool-single-door-3-star-refrigerator/p/itm600cc6ce9ae49?pid=RFRG4XR6QNSM6X5H&lid=LSTRFRG4XR6QNSM6X5HUWM1ZO&marketplace=FLIPKART&q=fridge&store=j9e%2Fabm%2Fhzg&srno=s_30_717&otracker=search&otracker1=search&fm=organic&iid=en_zhUh%2FxbD22BlgHg6A%2BPpcnZunG6SW4kLUZmEu6kqeZJsUrsVRwOOfZNoKhvA8loh3RgyFZzsE5Uq1sCzOjbMWg%3D%3D&ppt=None&ppn=None&ssid=4fhuu5abc00000001667799641763&qH=2be977f3ff92dd10,2022-11-07 11:10:52.228115+05:30
AQ5SUMZK,Whirlpool 190 L Direct Cool Single Door 3 Star Refrigerator,14640,17000,13% off,37835,3499,4.3,"['Normal Compressor', 'Built-in Stabilizer', '1 Year on Product and 10 Years on Compressor from Whirlpool']",https://www.flipkart.com/whirlpool-190-l-direct-cool-single-door-3-star-refrigerator/p/itmafa0a476dffe1?pid=RFRFZGFAHQ7VQXZF&lid=LSTRFRFZGFAHQ7VQXZFLUB4OV&marketplace=FLIPKART&q=fridge&store=j9e%2Fabm%2Fhzg&srno=s_30_718&otracker=search&otracker1=search&fm=organic&iid=en_zhUh%2FxbD22BlgHg6A%2BPpcnZunG6SW4kLUZmEu6kqeZLZz6d7uNjr279dT6DoJgT2ZZHikuLs61%2BJy0ccFBS1Fg%3D%3D&ppt=None&ppn=None&ssid=4fhuu5abc00000001667799641763&qH=2be977f3ff92dd10,2022-11-07 11:10:52.550327+05:30
BNGRHRQR,SAMSUNG 478 L Frost Free Double Door 3 Star Convertible Refrigerator,59490,68990,13% off,0,0,0,"['Digital Inverter Compressor', 'Built-in Stabilizer', '1 Year Warranty on Product and 10 Years on Compressor']",https://www.flipkart.com/samsung-478-l-frost-free-double-door-3-star-convertible-refrigerator/p/itm2238891078ee6?pid=RFRFQGHKKGKFZUHJ&lid=LSTRFRFQGHKKGKFZUHJXXH0VF&marketplace=FLIPKART&q=fridge&store=j9e%2Fabm%2Fhzg&srno=s_30_719&otracker=search&otracker1=search&fm=organic&iid=1f81931a-e73c-4c26-8639-51d7b051c89c.RFRFQGHKKGKFZUHJ.SEARCH&ppt=None&ppn=None&ssid=4fhuu5abc00000001667799641763&qH=2be977f3ff92dd10,2022-11-07 11:10:52.910870+05:30
KSNE016F,SAMSUNG 192 L Direct Cool Single Door 2 Star Refrigerator,15990,17990,11% off,0,0,0,"['Linear Compressor', 'Built-in Stabilizer', '1 Year on Product and 10 Years on Compressor From Samsung']",https://www.flipkart.com/samsung-192-l-direct-cool-single-door-2-star-refrigerator/p/itmd04c98cc362c8?pid=RFRFZKEU8YAYUZ55&lid=LSTRFRFZKEU8YAYUZ55DFQA5E&marketplace=FLIPKART&q=fridge&store=j9e%2Fabm%2Fhzg&srno=s_30_720&otracker=search&otracker1=search&fm=organic&iid=1f81931a-e73c-4c26-8639-51d7b051c89c.RFRFZKEU8YAYUZ55.SEARCH&ppt=None&ppn=None&ssid=4fhuu5abc00000001667799641763&qH=2be977f3ff92dd10,2022-11-07 11:10:53.743911+05:30
K7CNIPZ5,Whirlpool 190 L Direct Cool Single Door 2 Star Refrigerator,12990,15600,16% off,37835,3499,4.3,"['Normal Compressor', 'Built-in Stabilizer', '1 Year on Product and 10 Years on Compressor from Whirlpool']",https://www.flipkart.com/whirlpool-190-l-direct-cool-single-door-2-star-refrigerator/p/itmf6b4c3749b7e4?pid=RFRFZGFAGZUJTXWF&lid=LSTRFRFZGFAGZUJTXWFPDDAKA&marketplace=FLIPKART&q=fridge&store=j9e%2Fabm%2Fhzg&srno=s_31_721&otracker=search&otracker1=search&fm=organic&iid=en_ICcO3is6SY%2B8biIA2Y0UEDgMCX2DhquzjvTTwf7EiNxcnaykNof5hCl5wkn2DT0oUxBERcvvxLbebUgcQtk5mQ%3D%3D&ppt=None&ppn=None&ssid=jfph6g1ecg0000001667799654946&qH=2be977f3ff92dd10,2022-11-07 11:10:54.818782+05:30
GDPCLQQJ,Whirlpool 190 L Direct Cool Single Door 3 Star Refrigerator with Base Drawer,16340,20450,20% off,820,91,4.3,"['Non Inverter Compressor', 'Built-in Stabilizer', '1 Year on Product and 10 Years on Compressor from Whirlpool']",https://www.flipkart.com/whirlpool-190-l-direct-cool-single-door-3-star-refrigerator-base-drawer/p/itm495a967730b3c?pid=RFRG4XR6ZDXBEMZR&lid=LSTRFRG4XR6ZDXBEMZRXQJ2DZ&marketplace=FLIPKART&q=fridge&store=j9e%2Fabm%2Fhzg&srno=s_31_722&otracker=search&otracker1=search&fm=organic&iid=en_ICcO3is6SY%2B8biIA2Y0UEDgMCX2DhquzjvTTwf7EiNzBilN9Jo66J69%2BTIs71ta1Cik8178uFvOyLd%2F99yHoOg%3D%3D&ppt=None&ppn=None&ssid=jfph6g1ecg0000001667799654946&qH=2be977f3ff92dd10,2022-11-07 11:10:55.113491+05:30
NTAJWG70,SAMSUNG 253 L Frost Free Double Door 2 Star Refrigerator,24990,24990,0,0,0,0,"['Digital Inverter Compressor', 'Built-in Stabilizer', '1 Year Warranty on Product and 10 Years on Compressor From Samsung']",https://www.flipkart.com/samsung-253-l-frost-free-double-door-2-star-refrigerator/p/itmd6032771310a0?pid=RFRFZGJCXHYSU6AY&lid=LSTRFRFZGJCXHYSU6AY0RUD2G&marketplace=FLIPKART&q=fridge&store=j9e%2Fabm%2Fhzg&srno=s_31_723&otracker=search&otracker1=search&fm=organic&iid=2237bc33-8c59-43ea-b9b0-7b07395385fc.RFRFZGJCXHYSU6AY.SEARCH&ppt=None&ppn=None&ssid=jfph6g1ecg0000001667799654946&qH=2be977f3ff92dd10,2022-11-07 11:10:56.005739+05:30
CHCB6CDZ,Whirlpool 500 L Frost Free Double Door 3 Star Convertible Refrigerator,64990,70600,7% off,28257,3027,4.3,"['Intellisense Inverter', 'Built-in Stabilizer', '1 Year Comprehensive on Product and 10 Years on Compressor From Whirlpool']",https://www.flipkart.com/whirlpool-500-l-frost-free-double-door-3-star-convertible-refrigerator/p/itma839dd1e8ae2e?pid=RFRFZZBUEARY4SRB&lid=LSTRFRFZZBUEARY4SRBCFXHGO&marketplace=FLIPKART&q=fridge&store=j9e%2Fabm%2Fhzg&srno=s_31_724&otracker=search&otracker1=search&fm=organic&iid=2237bc33-8c59-43ea-b9b0-7b07395385fc.RFRFZZBUEARY4SRB.SEARCH&ppt=None&ppn=None&ssid=jfph6g1ecg0000001667799654946&qH=2be977f3ff92dd10,2022-11-07 11:10:56.373982+05:30
NVN11P3U,Whirlpool 215 L Direct Cool Single Door 5 Star Refrigerator,20690,26400,21% off,10025,1047,4.3,"['Intellisense Inverter Compressor', 'Built-in Stabilizer', '1 Year Warranty on Product and 10 Years on Compressor']",https://www.flipkart.com/whirlpool-215-l-direct-cool-single-door-5-star-refrigerator/p/itm203446c76a9e0?pid=RFRFVDGSF4Z65AS5&lid=LSTRFRFVDGSF4Z65AS5WLU2ZA&marketplace=FLIPKART&q=fridge&store=j9e%2Fabm%2Fhzg&srno=s_31_725&otracker=search&otracker1=search&fm=organic&iid=2237bc33-8c59-43ea-b9b0-7b07395385fc.RFRFVDGSF4Z65AS5.SEARCH&ppt=None&ppn=None&ssid=jfph6g1ecg0000001667799654946&qH=2be977f3ff92dd10,2022-11-07 11:10:57.227005+05:30
8O2A53P4,Godrej 192 L Direct Cool Single Door 4 Star Refrigerator,17490,19100,8% off,12,1,4,"['Intelligent Inverter Compressor', 'Built-in Stabilizer', '1 Year Comprehensive Warranty on Product and 10 Years on Compressor']",https://www.flipkart.com/godrej-192-l-direct-cool-single-door-4-star-refrigerator/p/itmcf08a9c64dbe5?pid=RFRFZFGGUDX4NKZY&lid=LSTRFRFZFGGUDX4NKZYBB0YNK&marketplace=FLIPKART&q=fridge&store=j9e%2Fabm%2Fhzg&srno=s_31_726&otracker=search&otracker1=search&fm=organic&iid=2237bc33-8c59-43ea-b9b0-7b07395385fc.RFRFZFGGUDX4NKZY.SEARCH&ppt=None&ppn=None&ssid=jfph6g1ecg0000001667799654946&qH=2be977f3ff92dd10,2022-11-07 11:10:57.953336+05:30
49FF8NPT,Whirlpool 190 L Direct Cool Single Door 2 Star Refrigerator,13540,15900,14% off,37835,3499,4.3,"['Normal Compressor', 'Built-in Stabilizer', '1 Year on Product and 10 Years on Compressor from Whirlpool']",https://www.flipkart.com/whirlpool-190-l-direct-cool-single-door-2-star-refrigerator/p/itm23de1846cafca?pid=RFRFZGFANZJHN6SB&lid=LSTRFRFZGFANZJHN6SBRJ24IH&marketplace=FLIPKART&q=fridge&store=j9e%2Fabm%2Fhzg&srno=s_31_727&otracker=search&otracker1=search&fm=organic&iid=en_ICcO3is6SY%2B8biIA2Y0UEDgMCX2DhquzjvTTwf7EiNyEd9wA7EPvALwgs8RHdSNWfG1q4G8NhosLJpsjXdZLzg%3D%3D&ppt=None&ppn=None&ssid=jfph6g1ecg0000001667799654946&qH=2be977f3ff92dd10,2022-11-07 11:10:58.265257+05:30
R2CW73S8,Whirlpool 190 L Direct Cool Single Door 3 Star Refrigerator with Base Drawer,16340,19500,16% off,444,34,4.3,"['Non Inverter Compressor', 'Built-in Stabilizer', '1 Year on Product and 10 Years on Compressor from Whirlpool']",https://www.flipkart.com/whirlpool-190-l-direct-cool-single-door-3-star-refrigerator-base-drawer/p/itmd625ad7498750?pid=RFRG4XR6FXK3XANH&lid=LSTRFRG4XR6FXK3XANH2QMZGI&marketplace=FLIPKART&q=fridge&store=j9e%2Fabm%2Fhzg&srno=s_31_728&otracker=search&otracker1=search&fm=organic&iid=en_ICcO3is6SY%2B8biIA2Y0UEDgMCX2DhquzjvTTwf7EiNzZQ3SbBh4CjECk3p8A4MX4MGzOfXGzGk9IKwrcXp9P4A%3D%3D&ppt=None&ppn=None&ssid=jfph6g1ecg0000001667799654946&qH=2be977f3ff92dd10,2022-11-07 11:10:58.578338+05:30
EXCHWC5T,Haier 278 L Frost Free Double Door 3 Star Convertible Refrigerator,28090,35500,20% off,634,59,4.4,"['Inverter Compressor', 'Built-in Stabilizer', '1 Year Warranty on Product and 10 Years on Compressor']",https://www.flipkart.com/haier-278-l-frost-free-double-door-3-star-convertible-refrigerator/p/itm9efd83a57b201?pid=RFRFNWGWAGBNCJTH&lid=LSTRFRFNWGWAGBNCJTHIF6DCO&marketplace=FLIPKART&q=fridge&store=j9e%2Fabm%2Fhzg&srno=s_31_729&otracker=search&otracker1=search&fm=organic&iid=2237bc33-8c59-43ea-b9b0-7b07395385fc.RFRFNWGWAGBNCJTH.SEARCH&ppt=None&ppn=None&ssid=jfph6g1ecg0000001667799654946&qH=2be977f3ff92dd10,2022-11-07 11:10:59.432734+05:30
PI2XD48J,Whirlpool 500 L Frost Free Double Door 3 Star Convertible Refrigerator,64990,70600,7% off,28257,3027,4.3,"['Intellisense Inverter', 'Built-in Stabilizer', '1 Year Comprehensive on Product and 10 Years on Compressor From Whirlpool']",https://www.flipkart.com/whirlpool-500-l-frost-free-double-door-3-star-convertible-refrigerator/p/itmebd673ca64935?pid=RFRFZZBUYUBC4YTV&lid=LSTRFRFZZBUYUBC4YTVKQGLG6&marketplace=FLIPKART&q=fridge&store=j9e%2Fabm%2Fhzg&srno=s_31_730&otracker=search&otracker1=search&fm=organic&iid=2237bc33-8c59-43ea-b9b0-7b07395385fc.RFRFZZBUYUBC4YTV.SEARCH&ppt=None&ppn=None&ssid=jfph6g1ecg0000001667799654946&qH=2be977f3ff92dd10,2022-11-07 11:10:59.784647+05:30
V84T9GSK,Whirlpool 190 L Direct Cool Single Door 2 Star Refrigerator,13540,16500,17% off,37835,3499,4.3,"['Normal Compressor', 'Built-in Stabilizer', '1 Year on Product and 10 Years on Compressor from Whirlpool']",https://www.flipkart.com/whirlpool-190-l-direct-cool-single-door-2-star-refrigerator/p/itm823c53fcf0200?pid=RFRFZGFADYS3UTBG&lid=LSTRFRFZGFADYS3UTBGFVSNUE&marketplace=FLIPKART&q=fridge&store=j9e%2Fabm%2Fhzg&srno=s_31_731&otracker=search&otracker1=search&fm=organic&iid=en_ICcO3is6SY%2B8biIA2Y0UEDgMCX2DhquzjvTTwf7EiNxWXaxIs84JsEvfU7yafq4u6VmDAgCf6DMckC1h3ZnRZg%3D%3D&ppt=None&ppn=None&ssid=jfph6g1ecg0000001667799654946&qH=2be977f3ff92dd10,2022-11-07 11:11:00.113332+05:30
4ZRB6FYM,Whirlpool 190 L Direct Cool Single Door 3 Star Refrigerator,15340,18000,14% off,622,47,4.3,"['Non Inverter Compressor', 'Built-in Stabilizer', '1 Year on Product and 10 Years on Compressor from Whirlpool']",https://www.flipkart.com/whirlpool-190-l-direct-cool-single-door-3-star-refrigerator/p/itmc4870feb17803?pid=RFRG4XR689KTY9QT&lid=LSTRFRG4XR689KTY9QTJUWMVD&marketplace=FLIPKART&q=fridge&store=j9e%2Fabm%2Fhzg&srno=s_31_732&otracker=search&otracker1=search&fm=organic&iid=en_ICcO3is6SY%2B8biIA2Y0UEDgMCX2DhquzjvTTwf7EiNxdVKTmIKx9A9SylC5SQjNXSnPWXWX2eFur1r0QMwaKtQ%3D%3D&ppt=None&ppn=None&ssid=jfph6g1ecg0000001667799654946&qH=2be977f3ff92dd10,2022-11-07 11:11:00.457765+05:30
17TCN0YF,SAMSUNG 288 L Frost Free Double Door 2 Star Convertible Refrigerator,38188,43990,13% off,0,0,0,"['Digital Inverter Compressor', 'Built-in Stabilizer', '1 Year Warranty on Product and 10 Years on Compressor from Samsung']",https://www.flipkart.com/samsung-288-l-frost-free-double-door-2-star-convertible-refrigerator/p/itmaff9a55a80718?pid=RFRFZKEUVYSKAFVZ&lid=LSTRFRFZKEUVYSKAFVZDLBWQM&marketplace=FLIPKART&q=fridge&store=j9e%2Fabm%2Fhzg&srno=s_31_733&otracker=search&otracker1=search&fm=organic&iid=2237bc33-8c59-43ea-b9b0-7b07395385fc.RFRFZKEUVYSKAFVZ.SEARCH&ppt=None&ppn=None&ssid=jfph6g1ecg0000001667799654946&qH=2be977f3ff92dd10,2022-11-07 11:11:01.240222+05:30
SWSDK02W,Lloyd 310 L Frost Free Double Door 2 Star Refrigerator,28976,42290,31% off,0,0,0,"['Inverter Compressor', 'Built-in Stabilizer', '1 Year Domestic Warranty on Product and Additional 9 Years on Compressor']",https://www.flipkart.com/lloyd-310-l-frost-free-double-door-2-star-refrigerator/p/itm9af40ed4d6df8?pid=RFRG2MCWUHERFZBC&lid=LSTRFRG2MCWUHERFZBCSYWASD&marketplace=FLIPKART&q=fridge&store=j9e%2Fabm%2Fhzg&srno=s_31_734&otracker=search&otracker1=search&fm=organic&iid=2237bc33-8c59-43ea-b9b0-7b07395385fc.RFRG2MCWUHERFZBC.SEARCH&ppt=None&ppn=None&ssid=jfph6g1ecg0000001667799654946&qH=2be977f3ff92dd10,2022-11-07 11:11:02.052431+05:30
F56VMT1M,TOSHIBA 325 L Frost Free Double Door 2 Star Refrigerator,37000,45490,18% off,0,0,0,"['DC Inverter Compressor', 'Built-in Stabilizer', '1 Year on Product and 10 Years on Compressor from Toshiba']",https://www.flipkart.com/toshiba-325-l-frost-free-double-door-2-star-refrigerator/p/itmdbb5f9fdb966d?pid=RFRFRHG8EYVWPPTD&lid=LSTRFRFRHG8EYVWPPTDMNLAOU&marketplace=FLIPKART&q=fridge&store=j9e%2Fabm%2Fhzg&srno=s_31_735&otracker=search&otracker1=search&fm=organic&iid=2237bc33-8c59-43ea-b9b0-7b07395385fc.RFRFRHG8EYVWPPTD.SEARCH&ppt=None&ppn=None&ssid=jfph6g1ecg0000001667799654946&qH=2be977f3ff92dd10,2022-11-07 11:11:02.918452+05:30
I7BY3VB1,Whirlpool 200 L Direct Cool Single Door 3 Star Refrigerator,16290,19300,15% off,10025,1047,4.3,"['Normal Compressor', 'Built-in Stabilizer', '1 Year on Product, 10 Years on Compressor']",https://www.flipkart.com/whirlpool-200-l-direct-cool-single-door-3-star-refrigerator/p/itm443db9a45f6fd?pid=RFRFQ4EBCK7TVEHH&lid=LSTRFRFQ4EBCK7TVEHHLJJA0B&marketplace=FLIPKART&q=fridge&store=j9e%2Fabm%2Fhzg&srno=s_31_736&otracker=search&otracker1=search&fm=organic&iid=2237bc33-8c59-43ea-b9b0-7b07395385fc.RFRFQ4EBCK7TVEHH.SEARCH&ppt=None&ppn=None&ssid=jfph6g1ecg0000001667799654946&qH=2be977f3ff92dd10,2022-11-07 11:11:03.372088+05:30
LQE7COY7,Whirlpool 190 L Direct Cool Single Door 3 Star Refrigerator,15340,17600,12% off,1327,122,4.2,"['Non Inverter Compressor', 'Built-in Stabilizer', '1 Year on Product and 10 Years on Compressor from Whirlpool']",https://www.flipkart.com/whirlpool-190-l-direct-cool-single-door-3-star-refrigerator/p/itm600cc6ce9ae49?pid=RFRG4XR6QNSM6X5H&lid=LSTRFRG4XR6QNSM6X5HUWM1ZO&marketplace=FLIPKART&q=fridge&store=j9e%2Fabm%2Fhzg&srno=s_31_737&otracker=search&otracker1=search&fm=organic&iid=en_ICcO3is6SY%2B8biIA2Y0UEDgMCX2DhquzjvTTwf7EiNwBzi0uqMN1dKkA0%2BTW4Bce3RgyFZzsE5Uq1sCzOjbMWg%3D%3D&ppt=None&ppn=None&ssid=jfph6g1ecg0000001667799654946&qH=2be977f3ff92dd10,2022-11-07 11:11:03.677836+05:30
ESXONSIU,Whirlpool 190 L Direct Cool Single Door 3 Star Refrigerator,14640,17000,13% off,37835,3499,4.3,"['Normal Compressor', 'Built-in Stabilizer', '1 Year on Product and 10 Years on Compressor from Whirlpool']",https://www.flipkart.com/whirlpool-190-l-direct-cool-single-door-3-star-refrigerator/p/itmafa0a476dffe1?pid=RFRFZGFAHQ7VQXZF&lid=LSTRFRFZGFAHQ7VQXZFLUB4OV&marketplace=FLIPKART&q=fridge&store=j9e%2Fabm%2Fhzg&srno=s_31_738&otracker=search&otracker1=search&fm=organic&iid=en_ICcO3is6SY%2B8biIA2Y0UEDgMCX2DhquzjvTTwf7EiNzFJEGzVkMiovhCWTj16xEX9id%2Byr2a%2Frjl%2FtNWn3LZxQ%3D%3D&ppt=None&ppn=None&ssid=jfph6g1ecg0000001667799654946&qH=2be977f3ff92dd10,2022-11-07 11:11:03.981247+05:30
OQ4TU1FO,LG 423 L Frost Free Double Door Top Mount 3 Star Convertible Refrigerator,51280,66999,23% off,0,0,0,"['Smart Inverter Compressor', 'Built-in Stabilizer', '1 Year Warranty on Product and 10 Years Warranty on Compressor']",https://www.flipkart.com/lg-423-l-frost-free-double-door-top-mount-3-star-convertible-refrigerator/p/itmfda0ddfbb4c69?pid=RFRGBTKR7NBFGDGD&lid=LSTRFRGBTKR7NBFGDGDEL56TF&marketplace=FLIPKART&q=fridge&store=j9e%2Fabm%2Fhzg&srno=s_31_739&otracker=search&otracker1=search&fm=organic&iid=2237bc33-8c59-43ea-b9b0-7b07395385fc.RFRGBTKR7NBFGDGD.SEARCH&ppt=None&ppn=None&ssid=jfph6g1ecg0000001667799654946&qH=2be977f3ff92dd10,2022-11-07 11:11:04.295960+05:30
9RXTDRI5,SAMSUNG 275 L Frost Free Double Door 2 Star Convertible Refrigerator,29399,35990,18% off,0,0,0,"['Digital Inverter Compressor', 'Built-in Stabilizer', '1 Year Warranty on Product and 10 Years on Compressor']",https://www.flipkart.com/samsung-275-l-frost-free-double-door-2-star-convertible-refrigerator/p/itmc0eff1c9a74e5?pid=RFRFQNEKFNHNCDU2&lid=LSTRFRFQNEKFNHNCDU2CEHAP4&marketplace=FLIPKART&q=fridge&store=j9e%2Fabm%2Fhzg&srno=s_31_740&otracker=search&otracker1=search&fm=organic&iid=2237bc33-8c59-43ea-b9b0-7b07395385fc.RFRFQNEKFNHNCDU2.SEARCH&ppt=None&ppn=None&ssid=jfph6g1ecg0000001667799654946&qH=2be977f3ff92dd10,2022-11-07 11:11:05.289587+05:30
XMIWGNEH,Whirlpool 190 L Direct Cool Single Door 3 Star Refrigerator,14640,18700,21% off,37835,3499,4.3,"['Normal Compressor', 'Built-in Stabilizer', '1 Year on Product and 10 Years on Compressor from Whirlpool']",https://www.flipkart.com/whirlpool-190-l-direct-cool-single-door-3-star-refrigerator/p/itm94a1658747a65?pid=RFRFZGFAFJAANRWP&lid=LSTRFRFZGFAFJAANRWPKN0PYK&marketplace=FLIPKART&q=fridge&store=j9e%2Fabm%2Fhzg&srno=s_31_741&otracker=search&otracker1=search&fm=organic&iid=en_ICcO3is6SY%2B8biIA2Y0UEDgMCX2DhquzjvTTwf7EiNxYnjNZ7%2BCoC6X2IIXc2lHtQ99ZbiOJ%2Bg96C1A41aEjrQ%3D%3D&ppt=None&ppn=None&ssid=jfph6g1ecg0000001667799654946&qH=2be977f3ff92dd10,2022-11-07 11:11:05.596112+05:30
JEGT7HHB,Whirlpool 190 L Direct Cool Single Door 3 Star Refrigerator,14000,18700,25% off,37835,3499,4.3,"['Normal Compressor', 'Built-in Stabilizer', '1 Year on Product and 10 Years on Compressor from Whirlpool']",https://www.flipkart.com/whirlpool-190-l-direct-cool-single-door-3-star-refrigerator/p/itmf8e85786b09ef?pid=RFRFZGFAMXNUREWN&lid=LSTRFRFZGFAMXNUREWN3V8KEL&marketplace=FLIPKART&q=fridge&store=j9e%2Fabm%2Fhzg&srno=s_31_742&otracker=search&otracker1=search&fm=organic&iid=en_ICcO3is6SY%2B8biIA2Y0UEDgMCX2DhquzjvTTwf7EiNzAiFhH0wger3jCDpCrkGilMS96o%2BR53YD60lqIk4fxYw%3D%3D&ppt=None&ppn=None&ssid=jfph6g1ecg0000001667799654946&qH=2be977f3ff92dd10,2022-11-07 11:11:05.900072+05:30
AGNQDEY9,LG 360 L Frost Free Double Door 3 Star Convertible Refrigerator,45490,55390,17% off,0,0,0,"['Smart Inverter Compressor', 'Built-in Stabilizer', '1 Year Warranty on Product and 10 Years Warranty on Compressor from LG']",https://www.flipkart.com/lg-360-l-frost-free-double-door-3-star-convertible-refrigerator/p/itme3e87879abfcb?pid=RFRGGHUCFZANFNMK&lid=LSTRFRGGHUCFZANFNMK6KQTO5&marketplace=FLIPKART&q=fridge&store=j9e%2Fabm%2Fhzg&srno=s_31_743&otracker=search&otracker1=search&fm=organic&iid=2237bc33-8c59-43ea-b9b0-7b07395385fc.RFRGGHUCFZANFNMK.SEARCH&ppt=None&ppn=None&ssid=jfph6g1ecg0000001667799654946&qH=2be977f3ff92dd10,2022-11-07 11:11:06.250725+05:30
7IB35WDB,Whirlpool 200 L Direct Cool Single Door 3 Star Refrigerator,17990,22200,18% off,0,0,0,"['NORMAL COMPRESSOR', 'Built-in Stabilizer', '1 YEAR']",https://www.flipkart.com/whirlpool-200-l-direct-cool-single-door-3-star-refrigerator/p/itm9791c2fc203e4?pid=RFRFT8NXZ4JMH9BC&lid=LSTRFRFT8NXZ4JMH9BCVQMKJO&marketplace=FLIPKART&q=fridge&store=j9e%2Fabm%2Fhzg&srno=s_31_744&otracker=search&otracker1=search&fm=organic&iid=2237bc33-8c59-43ea-b9b0-7b07395385fc.RFRFT8NXZ4JMH9BC.SEARCH&ppt=None&ppn=None&ssid=jfph6g1ecg0000001667799654946&qH=2be977f3ff92dd10,2022-11-07 11:11:07.137953+05:30
MZ247UZ3,Godrej 190 L Direct Cool Single Door 4 Star Refrigerator,17899,22500,20% off,0,0,0,"['NORMAL', 'Built-in Stabilizer', '1 YEAR']",https://www.flipkart.com/godrej-190-l-direct-cool-single-door-4-star-refrigerator/p/itm2d5a18a0e876b?pid=RFRFUTAAWNNZKWBX&lid=LSTRFRFUTAAWNNZKWBX17ZP4O&marketplace=FLIPKART&q=fridge&store=j9e%2Fabm%2Fhzg&srno=s_33_769&otracker=search&otracker1=search&fm=organic&iid=759807e9-8893-444e-91d9-e3a82d77f44b.RFRFUTAAWNNZKWBX.SEARCH&ppt=None&ppn=None&ssid=oc1dq4dqg00000001667799668648&qH=2be977f3ff92dd10,2022-11-07 11:11:09.041636+05:30
INISPKVK,SAMSUNG 324 L Frost Free Double Door 3 Star Convertible Refrigerator,38299,42990,10% off,4,0,4.8,"['Digital Inverter Compressor', 'Built-in Stabilizer', '1 Year Warranty on Product and 10 Years on Compressor']",https://www.flipkart.com/samsung-324-l-frost-free-double-door-3-star-convertible-refrigerator/p/itm87ebcb5271116?pid=RFRFZGJCRWJMFEXU&lid=LSTRFRFZGJCRWJMFEXUFEKHN5&marketplace=FLIPKART&q=fridge&store=j9e%2Fabm%2Fhzg&srno=s_33_770&otracker=search&otracker1=search&fm=organic&iid=759807e9-8893-444e-91d9-e3a82d77f44b.RFRFZGJCRWJMFEXU.SEARCH&ppt=None&ppn=None&ssid=oc1dq4dqg00000001667799668648&qH=2be977f3ff92dd10,2022-11-07 11:11:10.039321+05:30
CXWBF55N,SAMSUNG 198 L Direct Cool Single Door 3 Star Refrigerator,18649,19999,6% off,0,0,0,"['Digital Inverter Compressor', 'Built-in Stabilizer', '1 Year Warranty on Product and 10 Years on Compressor from Samsung']",https://www.flipkart.com/samsung-198-l-direct-cool-single-door-3-star-refrigerator/p/itmee9bba1a05a77?pid=RFRG5VFEMX4864MR&lid=LSTRFRG5VFEMX4864MRK39OBB&marketplace=FLIPKART&q=fridge&store=j9e%2Fabm%2Fhzg&srno=s_33_771&otracker=search&otracker1=search&fm=organic&iid=759807e9-8893-444e-91d9-e3a82d77f44b.RFRG5VFEMX4864MR.SEARCH&ppt=None&ppn=None&ssid=oc1dq4dqg00000001667799668648&qH=2be977f3ff92dd10,2022-11-07 11:11:10.782415+05:30
8T2BI510,Haier 195 L Direct Cool Single Door 3 Star Refrigerator,14790,21800,32% off,18,4,4.2,"['Reciprocating Compressor', 'Built-in Stabilizer', '1 Year Warranty on Product and 10 Years on Compressor']",https://www.flipkart.com/haier-195-l-direct-cool-single-door-3-star-refrigerator/p/itm27ab5fa9031db?pid=RFRGBKPJ5YGSNPKY&lid=LSTRFRGBKPJ5YGSNPKYKKFIUG&marketplace=FLIPKART&q=fridge&store=j9e%2Fabm%2Fhzg&srno=s_33_772&otracker=search&otracker1=search&fm=organic&iid=759807e9-8893-444e-91d9-e3a82d77f44b.RFRGBKPJ5YGSNPKY.SEARCH&ppt=None&ppn=None&ssid=oc1dq4dqg00000001667799668648&qH=2be977f3ff92dd10,2022-11-07 11:11:11.860551+05:30
I5EVF4IB,LG 471 L Direct Cool Double Door 2 Star Convertible Refrigerator,61700,71890,14% off,0,0,0,"['Inverter Linear Compressor', 'Built-in Stabilizer', '1 Year Warranty on Product and 10 Years Warranty on Compressor from LG']",https://www.flipkart.com/lg-471-l-direct-cool-double-door-2-star-convertible-refrigerator/p/itmeef9014b40b6c?pid=RFRFPHH74Z7ZNZ3T&lid=LSTRFRFPHH74Z7ZNZ3TX0GARQ&marketplace=FLIPKART&q=fridge&store=j9e%2Fabm%2Fhzg&srno=s_33_773&otracker=search&otracker1=search&fm=organic&iid=759807e9-8893-444e-91d9-e3a82d77f44b.RFRFPHH74Z7ZNZ3T.SEARCH&ppt=None&ppn=None&ssid=oc1dq4dqg00000001667799668648&qH=2be977f3ff92dd10,2022-11-07 11:11:13.407388+05:30
R36MA0FZ,SAMSUNG 386 L Frost Free Double Door 2 Star Convertible Refrigerator  with Curd Maestro,53800,62914,14% off,0,0,0,"['Digital Inverter Compressor', 'Built-in Stabilizer', '1 Year on Product and 10 Years on Compressor From Samsung']",https://www.flipkart.com/samsung-386-l-frost-free-double-door-2-star-convertible-refrigerator-curd-maestro/p/itmf9b448a74c164?pid=RFRFV7USJ2MDDCXV&lid=LSTRFRFV7USJ2MDDCXV5GPFW3&marketplace=FLIPKART&q=fridge&store=j9e%2Fabm%2Fhzg&srno=s_33_774&otracker=search&otracker1=search&fm=organic&iid=759807e9-8893-444e-91d9-e3a82d77f44b.RFRFV7USJ2MDDCXV.SEARCH&ppt=None&ppn=None&ssid=oc1dq4dqg00000001667799668648&qH=2be977f3ff92dd10,2022-11-07 11:11:14.152232+05:30
B1T1BSYM,Godrej 343 L Frost Free Double Door 2 Star Refrigerator,34990,41000,14% off,1608,307,4.2,"['Rotary Compressor', 'Built-in Stabilizer', '1 Year Warranty on product and 10 Years Warranty on Compressor from Godrej']",https://www.flipkart.com/godrej-343-l-frost-free-double-door-2-star-refrigerator/p/itmevmh3ugcwhmhv?pid=RFREGEZWFVB8NEUE&lid=LSTRFREGEZWFVB8NEUEIFFBLB&marketplace=FLIPKART&q=fridge&store=j9e%2Fabm%2Fhzg&srno=s_33_775&otracker=search&otracker1=search&fm=organic&iid=759807e9-8893-444e-91d9-e3a82d77f44b.RFREGEZWFVB8NEUE.SEARCH&ppt=None&ppn=None&ssid=oc1dq4dqg00000001667799668648&qH=2be977f3ff92dd10,2022-11-07 11:11:15.012606+05:30
5VJDGI7L,Godrej 225 L Direct Cool Single Door 3 Star Refrigerator with Base Drawer  with Intelligent Inverter C...,19790,24100,17% off,375,43,4.3,"['Inverter Compressor', 'Built-in Stabilizer', '1 Year Warranty on Product and 10 Years on Compressor']",https://www.flipkart.com/godrej-225-l-direct-cool-single-door-3-star-refrigerator-base-drawer-intelligent-inverter-compressor/p/itme60dbd7747cf7?pid=RFRFRTHJ5M6WNZST&lid=LSTRFRFRTHJ5M6WNZSTR5OKT9&marketplace=FLIPKART&q=fridge&store=j9e%2Fabm%2Fhzg&srno=s_33_776&otracker=search&otracker1=search&fm=organic&iid=759807e9-8893-444e-91d9-e3a82d77f44b.RFRFRTHJ5M6WNZST.SEARCH&ppt=None&ppn=None&ssid=oc1dq4dqg00000001667799668648&qH=2be977f3ff92dd10,2022-11-07 11:11:15.956909+05:30
USO359JM,LG 215 L Direct Cool Single Door 3 Star Refrigerator,19299,24999,22% off,15,0,4.5,"['Smart Inverter Compressor', 'Built-in Stabilizer', '1 Year Warranty on Product and 10 Years on Compressor from LG']",https://www.flipkart.com/lg-215-l-direct-cool-single-door-3-star-refrigerator/p/itm43f9ca2ce6d85?pid=RFRG5J3GQNDQFM3P&lid=LSTRFRG5J3GQNDQFM3PPFXJIZ&marketplace=FLIPKART&q=fridge&store=j9e%2Fabm%2Fhzg&srno=s_33_777&otracker=search&otracker1=search&fm=organic&iid=759807e9-8893-444e-91d9-e3a82d77f44b.RFRG5J3GQNDQFM3P.SEARCH&ppt=None&ppn=None&ssid=oc1dq4dqg00000001667799668648&qH=2be977f3ff92dd10,2022-11-07 11:11:16.333002+05:30
EDF0F545,SAMSUNG 336 L Direct Cool Double Door 3 Star Refrigerator,44500,50990,12% off,0,0,0,"['Linear Compressor', 'Built-in Stabilizer', '1 Year Warranty on Product and 10 Years on Compressor From Samsung']",https://www.flipkart.com/samsung-336-l-direct-cool-double-door-3-star-refrigerator/p/itm3fe1885d677a5?pid=RFRGFWVAQQGWQFYZ&lid=LSTRFRGFWVAQQGWQFYZHH3BCK&marketplace=FLIPKART&q=fridge&store=j9e%2Fabm%2Fhzg&srno=s_33_778&otracker=search&otracker1=search&fm=organic&iid=759807e9-8893-444e-91d9-e3a82d77f44b.RFRGFWVAQQGWQFYZ.SEARCH&ppt=None&ppn=None&ssid=oc1dq4dqg00000001667799668648&qH=2be977f3ff92dd10,2022-11-07 11:11:17.769812+05:30
4900QTGS,Whirlpool 190 L Direct Cool Single Door 4 Star Refrigerator,17190,19800,13% off,13943,1494,4.3,"['DC Inverter Compressor', 'Built-in Stabilizer', '1 Year on Product and 10 Years on Compressor From Whirlpool']",https://www.flipkart.com/whirlpool-190-l-direct-cool-single-door-4-star-refrigerator/p/itmacfbbaee695e0?pid=RFRFZVTWWVGKGVXF&lid=LSTRFRFZVTWWVGKGVXFVX4B65&marketplace=FLIPKART&q=fridge&store=j9e%2Fabm%2Fhzg&srno=s_33_779&otracker=search&otracker1=search&fm=organic&iid=759807e9-8893-444e-91d9-e3a82d77f44b.RFRFZVTWWVGKGVXF.SEARCH&ppt=None&ppn=None&ssid=oc1dq4dqg00000001667799668648&qH=2be977f3ff92dd10,2022-11-07 11:11:18.658310+05:30
YA70TCW5,Godrej 253 L Frost Free Double Door Top Mount 2 Star Refrigerator,25125,33015,23% off,0,0,0,"['Inverter', '1 Year on Product']",https://www.flipkart.com/godrej-253-l-frost-free-double-door-top-mount-2-star-refrigerator/p/itma01590303c05f?pid=RFRGH8XVFGH3GZUD&lid=LSTRFRGH8XVFGH3GZUDAGX3JB&marketplace=FLIPKART&q=fridge&store=j9e%2Fabm%2Fhzg&srno=s_33_780&otracker=search&otracker1=search&fm=organic&iid=759807e9-8893-444e-91d9-e3a82d77f44b.RFRGH8XVFGH3GZUD.SEARCH&ppt=None&ppn=None&ssid=oc1dq4dqg00000001667799668648&qH=2be977f3ff92dd10,2022-11-07 11:11:19.037106+05:30
KK7PQBAD,Whirlpool 465 L Frost Free Double Door 3 Star Convertible Refrigerator,51890,65690,21% off,4,1,4.5,"['Intellisense Inverter', 'Built-in Stabilizer', '1 Year Comprehensive on Product and 10 Years on Compressor From Whirlpool']",https://www.flipkart.com/whirlpool-465-l-frost-free-double-door-3-star-convertible-refrigerator/p/itmf6dcc6039f7ed?pid=RFRFZZBUQZEMP59S&lid=LSTRFRFZZBUQZEMP59SWXC38Z&marketplace=FLIPKART&q=fridge&store=j9e%2Fabm%2Fhzg&srno=s_33_781&otracker=search&otracker1=search&fm=organic&iid=759807e9-8893-444e-91d9-e3a82d77f44b.RFRFZZBUQZEMP59S.SEARCH&ppt=None&ppn=None&ssid=oc1dq4dqg00000001667799668648&qH=2be977f3ff92dd10,2022-11-07 11:11:19.440513+05:30
QIA4W6PK,Panasonic 336 L Frost Free Double Door 3 Star Refrigerator,37490,43000,12% off,15,0,4.1,"['Inverter Compressor', 'Built-in Stabilizer', '1 Year Warranty on Product and 10 Years on Compressor']",https://www.flipkart.com/panasonic-336-l-frost-free-double-door-3-star-refrigerator/p/itm0ae4210ba9464?pid=RFRFSFEFCPHTNUTU&lid=LSTRFRFSFEFCPHTNUTUW6QUCI&marketplace=FLIPKART&q=fridge&store=j9e%2Fabm%2Fhzg&srno=s_33_782&otracker=search&otracker1=search&fm=organic&iid=759807e9-8893-444e-91d9-e3a82d77f44b.RFRFSFEFCPHTNUTU.SEARCH&ppt=None&ppn=None&ssid=oc1dq4dqg00000001667799668648&qH=2be977f3ff92dd10,2022-11-07 11:11:20.225448+05:30
16CF4P14,LG 260 L Frost Free Double Door Top Mount 3 Star Convertible Refrigerator,32699,42896,23% off,0,0,0,"['Smart Inverter Compressor', 'Built-in Stabilizer', '1 Year on Product and 10 Years on Compressor from LG']",https://www.flipkart.com/lg-260-l-frost-free-double-door-top-mount-3-star-convertible-refrigerator/p/itmf9cae3e69f038?pid=RFRG73PNM9ZMJJGW&lid=LSTRFRG73PNM9ZMJJGWNTBIKO&marketplace=FLIPKART&q=fridge&store=j9e%2Fabm%2Fhzg&srno=s_33_783&otracker=search&otracker1=search&fm=organic&iid=759807e9-8893-444e-91d9-e3a82d77f44b.RFRG73PNM9ZMJJGW.SEARCH&ppt=None&ppn=None&ssid=oc1dq4dqg00000001667799668648&qH=2be977f3ff92dd10,2022-11-07 11:11:20.532825+05:30
7T91EAPI,LG 260 L Frost Free Double Door 3 Star Convertible Refrigerator,30987,34790,10% off,0,0,0,"['Inverter Linear Compressor', 'Built-in Stabilizer', '1 Year Warranty on Product and 10 Years Warranty on Compressor from LG']",https://www.flipkart.com/lg-260-l-frost-free-double-door-3-star-convertible-refrigerator/p/itm2b154efcf5f6d?pid=RFRFPHH7ZQMG5MBJ&lid=LSTRFRFPHH7ZQMG5MBJALFKSH&marketplace=FLIPKART&q=fridge&store=j9e%2Fabm%2Fhzg&srno=s_33_784&otracker=search&otracker1=search&fm=organic&iid=759807e9-8893-444e-91d9-e3a82d77f44b.RFRFPHH7ZQMG5MBJ.SEARCH&ppt=None&ppn=None&ssid=oc1dq4dqg00000001667799668648&qH=2be977f3ff92dd10,2022-11-07 11:11:21.005808+05:30
JUY9166X,LG 471 L Frost Free Double Door Top Mount 2 Star Convertible Refrigerator,51139,72299,29% off,0,0,0,"['Inverter Linear Compressor', 'Built-in Stabilizer', '1 Year Warranty on product and 10 Years Warranty on compressor from LG']",https://www.flipkart.com/lg-471-l-frost-free-double-door-top-mount-2-star-convertible-refrigerator/p/itmcb74e924c3071?pid=RFRG8NCB5B5UCK3B&lid=LSTRFRG8NCB5B5UCK3B2AEVIH&marketplace=FLIPKART&q=fridge&store=j9e%2Fabm%2Fhzg&srno=s_33_785&otracker=search&otracker1=search&fm=organic&iid=759807e9-8893-444e-91d9-e3a82d77f44b.RFRG8NCB5B5UCK3B.SEARCH&ppt=None&ppn=None&ssid=oc1dq4dqg00000001667799668648&qH=2be977f3ff92dd10,2022-11-07 11:11:21.491179+05:30
LOUKYKZY,SAMSUNG 253 L Frost Free Double Door 2 Star Convertible Refrigerator,28900,29990,3% off,17,4,4.1,"['Digital Inverter Compressor', 'Built-in Stabilizer', '1 Year Warranty on Product and 10 Years on Compressor']",https://www.flipkart.com/samsung-253-l-frost-free-double-door-2-star-convertible-refrigerator/p/itm89671af0bb7fb?pid=RFRFZGJCTFY29NGG&lid=LSTRFRFZGJCTFY29NGGL3TP8M&marketplace=FLIPKART&q=fridge&store=j9e%2Fabm%2Fhzg&srno=s_33_786&otracker=search&otracker1=search&fm=organic&iid=759807e9-8893-444e-91d9-e3a82d77f44b.RFRFZGJCTFY29NGG.SEARCH&ppt=None&ppn=None&ssid=oc1dq4dqg00000001667799668648&qH=2be977f3ff92dd10,2022-11-07 11:11:21.941531+05:30
76TIC6BH,Godrej 236 L Frost Free Double Door 2 Star Refrigerator,18490,24000,22% off,3717,399,4.2,"['Inverter Compressor', 'Built-in Stabilizer', '1 Year Comprehensive Warranty on Prodcut and 10 Years Warranty on Compressor']",https://www.flipkart.com/godrej-236-l-frost-free-double-door-2-star-refrigerator/p/itm93904e3630b35?pid=RFRGG8DF6ZSYVUPR&lid=LSTRFRGG8DF6ZSYVUPRJEKRZH&marketplace=FLIPKART&q=fridge&store=j9e%2Fabm%2Fhzg&srno=s_33_787&otracker=search&otracker1=search&fm=organic&iid=759807e9-8893-444e-91d9-e3a82d77f44b.RFRGG8DF6ZSYVUPR.SEARCH&ppt=None&ppn=None&ssid=oc1dq4dqg00000001667799668648&qH=2be977f3ff92dd10,2022-11-07 11:11:22.285889+05:30
UCXRTB6B,LG 235 L Direct Cool Single Door 3 Star Refrigerator with Base Drawer,22690,22690,0,0,0,0,"['Reciprocating Compressor', 'Built-in Stabilizer', '1 Year Warranty on Product and 10 Years Warranty on Compressor From LG']",https://www.flipkart.com/lg-235-l-direct-cool-single-door-3-star-refrigerator-base-drawer/p/itm8b26ca325fdde?pid=RFRGGKS33VMG4FK5&lid=LSTRFRGGKS33VMG4FK5UXIOFV&marketplace=FLIPKART&q=fridge&store=j9e%2Fabm%2Fhzg&srno=s_33_788&otracker=search&otracker1=search&fm=organic&iid=759807e9-8893-444e-91d9-e3a82d77f44b.RFRGGKS33VMG4FK5.SEARCH&ppt=None&ppn=None&ssid=oc1dq4dqg00000001667799668648&qH=2be977f3ff92dd10,2022-11-07 11:11:23.177151+05:30
WK8O39P1,LG 408 L Frost Free Double Door Top Mount 2 Star Convertible Refrigerator,46990,55199,14% off,0,0,0,"['Smart Inverter Compressor', 'Built-in Stabilizer', '1 Year on Product and 10 Years on Compressor From LG']",https://www.flipkart.com/lg-408-l-frost-free-double-door-top-mount-2-star-convertible-refrigerator/p/itm14304510ac7d6?pid=RFRGG46S96QFBZRF&lid=LSTRFRGG46S96QFBZRFXCFMWK&marketplace=FLIPKART&q=fridge&store=j9e%2Fabm%2Fhzg&srno=s_33_789&otracker=search&otracker1=search&fm=organic&iid=759807e9-8893-444e-91d9-e3a82d77f44b.RFRGG46S96QFBZRF.SEARCH&ppt=None&ppn=None&ssid=oc1dq4dqg00000001667799668648&qH=2be977f3ff92dd10,2022-11-07 11:11:23.486499+05:30
12E3MNO3,Godrej 328 L Frost Free Double Door 2 Star Convertible Refrigerator,31990,36900,13% off,5233,565,4.3,"['Inverter', 'Built-in Stabilizer', '1 Year on Product and 10 Years on the Compressor from Godrej']",https://www.flipkart.com/godrej-328-l-frost-free-double-door-2-star-convertible-refrigerator/p/itmb3400c8691f4d?pid=RFRFU2ENHKFVFAQA&lid=LSTRFRFU2ENHKFVFAQAMC2WXL&marketplace=FLIPKART&q=fridge&store=j9e%2Fabm%2Fhzg&srno=s_33_790&otracker=search&otracker1=search&fm=organic&iid=759807e9-8893-444e-91d9-e3a82d77f44b.RFRFU2ENHKFVFAQA.SEARCH&ppt=None&ppn=None&ssid=oc1dq4dqg00000001667799668648&qH=2be977f3ff92dd10,2022-11-07 11:11:23.863058+05:30
YXIIIO7Z,Godrej 294 L Frost Free Double Door 3 Star Refrigerator,33800,35999,6% off,39,10,4.2,"['Multi Inverter Technology', 'Built-in Stabilizer', '1 Year Warranty on Product and 10 Years Warranty on Compressor from Godrej']",https://www.flipkart.com/godrej-294-l-frost-free-double-door-3-star-refrigerator/p/itma0a07c8820da0?pid=RFRG4WPXVYWVXUNG&lid=LSTRFRG4WPXVYWVXUNGEUNPIY&marketplace=FLIPKART&q=fridge&store=j9e%2Fabm%2Fhzg&srno=s_33_791&otracker=search&otracker1=search&fm=organic&iid=759807e9-8893-444e-91d9-e3a82d77f44b.RFRG4WPXVYWVXUNG.SEARCH&ppt=None&ppn=None&ssid=oc1dq4dqg00000001667799668648&qH=2be977f3ff92dd10,2022-11-07 11:11:24.236620+05:30
CWVCYNNI,LG 308 L Frost Free Double Door 2 Star Refrigerator,36999,48699,24% off,3,0,4.3,"['Smart Inverter Compressor', 'Built-in Stabilizer', '1 Year Warranty on product and 10 Years Warranty on compressor from LG']",https://www.flipkart.com/lg-308-l-frost-free-double-door-2-star-refrigerator/p/itmc567844fed8f7?pid=RFRG4ZZ4NHFNGFTF&lid=LSTRFRG4ZZ4NHFNGFTF9DVFY8&marketplace=FLIPKART&q=fridge&store=j9e%2Fabm%2Fhzg&srno=s_33_792&otracker=search&otracker1=search&fm=organic&iid=759807e9-8893-444e-91d9-e3a82d77f44b.RFRG4ZZ4NHFNGFTF.SEARCH&ppt=None&ppn=None&ssid=oc1dq4dqg00000001667799668648&qH=2be977f3ff92dd10,2022-11-07 11:11:24.796306+05:30
TV8VEX2L,LG 190 L Direct Cool Single Door 2 Star Refrigerator,15349,19499,21% off,0,0,0,"['Smart Inverter Compressor', 'Built-in Stabilizer', '1 Year Warranty on Product and 10 Years Warranty on Compressor']",https://www.flipkart.com/lg-190-l-direct-cool-single-door-2-star-refrigerator/p/itm8e9c33e0f799e?pid=RFRGDM3PYGQSSVGK&lid=LSTRFRGDM3PYGQSSVGKDXKCLO&marketplace=FLIPKART&q=fridge&store=j9e%2Fabm%2Fhzg&srno=s_34_793&otracker=search&otracker1=search&fm=organic&iid=5fe2416a-e4db-4f3d-b487-457c4fbd3c4e.RFRGDM3PYGQSSVGK.SEARCH&ppt=None&ppn=None&ssid=k059nw3lo00000001667799685894&qH=2be977f3ff92dd10,2022-11-07 11:11:25.733901+05:30
BPFEPA7H,Haier 320 L Frost Free Double Door 2 Star Refrigerator,37100,44000,15% off,31,7,4.2,"['Reciprocatory Compressor', 'Built-in Stabilizer', '1  Year Warranty on Product and 10 Years Warranty on Compressor from Haier']",https://www.flipkart.com/haier-320-l-frost-free-double-door-2-star-refrigerator/p/itmcb6fff042b06f?pid=RFRF7G2KWV2PQVXM&lid=LSTRFRF7G2KWV2PQVXMGFD6AK&marketplace=FLIPKART&q=fridge&store=j9e%2Fabm%2Fhzg&srno=s_34_794&otracker=search&otracker1=search&fm=organic&iid=5fe2416a-e4db-4f3d-b487-457c4fbd3c4e.RFRF7G2KWV2PQVXM.SEARCH&ppt=None&ppn=None&ssid=k059nw3lo00000001667799685894&qH=2be977f3ff92dd10,2022-11-07 11:11:26.557043+05:30
A6CA0ZA9,SAMSUNG 253 L Frost Free Double Door 2 Star Convertible Refrigerator,26500,31990,17% off,23,3,4.4,"['Digital Inverter Compressor', 'Built-in Stabilizer', '1 Year Warranty on Product and 10 Years on Compressor']",https://www.flipkart.com/samsung-253-l-frost-free-double-door-2-star-convertible-refrigerator/p/itm6c41ed71bba90?pid=RFRFZGJC6JHZ62AU&lid=LSTRFRFZGJC6JHZ62AUKT4FQR&marketplace=FLIPKART&q=fridge&store=j9e%2Fabm%2Fhzg&srno=s_34_795&otracker=search&otracker1=search&fm=organic&iid=5fe2416a-e4db-4f3d-b487-457c4fbd3c4e.RFRFZGJC6JHZ62AU.SEARCH&ppt=None&ppn=None&ssid=k059nw3lo00000001667799685894&qH=2be977f3ff92dd10,2022-11-07 11:11:27.336522+05:30
ITL3WAIM,Haier 531 L Frost Free French Door Bottom Mount Inverter Technology Star Convertible Refrigerator,80990,132000,38% off,14,1,4.5,"['Twin Inverter Technology Compressor', 'Built-in Stabilizer', '1 Year Warranty on Product and 10 Years Warranty on Compressor from Haier']",https://www.flipkart.com/haier-531-l-frost-free-french-door-bottom-mount-inverter-technology-star-convertible-refrigerator/p/itm1bc12726b01e3?pid=RFRFK5WHYQGYYGRE&lid=LSTRFRFK5WHYQGYYGREC7GTBX&marketplace=FLIPKART&q=fridge&store=j9e%2Fabm%2Fhzg&srno=s_34_796&otracker=search&otracker1=search&fm=organic&iid=5fe2416a-e4db-4f3d-b487-457c4fbd3c4e.RFRFK5WHYQGYYGRE.SEARCH&ppt=None&ppn=None&ssid=k059nw3lo00000001667799685894&qH=2be977f3ff92dd10,2022-11-07 11:11:28.132970+05:30
RX8S1YIT,Whirlpool 190 L Direct Cool Single Door 2 Star Refrigerator,12990,15600,16% off,37835,3499,4.3,"['Normal Compressor', 'Built-in Stabilizer', '1 Year on Product and 10 Years on Compressor from Whirlpool']",https://www.flipkart.com/whirlpool-190-l-direct-cool-single-door-2-star-refrigerator/p/itmf6b4c3749b7e4?pid=RFRFZGFAGZUJTXWF&lid=LSTRFRFZGFAGZUJTXWFPDDAKA&marketplace=FLIPKART&q=fridge&store=j9e%2Fabm%2Fhzg&srno=s_34_797&otracker=search&otracker1=search&fm=organic&iid=en_Sr%2BR%2FssaZ5Pe7QHy%2BZdj%2F7e%2B8%2FlKqezZMP5ZuentdbqW7LXCPzyCTQeLN6JQYbuKUxBERcvvxLbebUgcQtk5mQ%3D%3D&ppt=None&ppn=None&ssid=k059nw3lo00000001667799685894&qH=2be977f3ff92dd10,2022-11-07 11:11:28.442900+05:30
JIM8Y5AH,Whirlpool 190 L Direct Cool Single Door 3 Star Refrigerator with Base Drawer,16340,20450,20% off,820,91,4.3,"['Non Inverter Compressor', 'Built-in Stabilizer', '1 Year on Product and 10 Years on Compressor from Whirlpool']",https://www.flipkart.com/whirlpool-190-l-direct-cool-single-door-3-star-refrigerator-base-drawer/p/itm495a967730b3c?pid=RFRG4XR6ZDXBEMZR&lid=LSTRFRG4XR6ZDXBEMZRXQJ2DZ&marketplace=FLIPKART&q=fridge&store=j9e%2Fabm%2Fhzg&srno=s_34_798&otracker=search&otracker1=search&fm=organic&iid=en_Sr%2BR%2FssaZ5Pe7QHy%2BZdj%2F7e%2B8%2FlKqezZMP5ZuentdbqoD85NwgsduF8GS0y3czlNCik8178uFvOyLd%2F99yHoOg%3D%3D&ppt=None&ppn=None&ssid=k059nw3lo00000001667799685894&qH=2be977f3ff92dd10,2022-11-07 11:11:28.767639+05:30
26D952VD,LG 471 L Frost Free Double Door 3 Star Convertible Refrigerator,64990,83290,21% off,6,1,4.7,"['Inverter Linear Compressor', '1 Year Warranty on Product and 10 Years on Compressor from LG']",https://www.flipkart.com/lg-471-l-frost-free-double-door-3-star-convertible-refrigerator/p/itmf6001cf240d9b?pid=RFRFPHH7G6NSWQTR&lid=LSTRFRFPHH7G6NSWQTREPXYGI&marketplace=FLIPKART&q=fridge&store=j9e%2Fabm%2Fhzg&srno=s_34_799&otracker=search&otracker1=search&fm=organic&iid=5fe2416a-e4db-4f3d-b487-457c4fbd3c4e.RFRFPHH7G6NSWQTR.SEARCH&ppt=None&ppn=None&ssid=k059nw3lo00000001667799685894&qH=2be977f3ff92dd10,2022-11-07 11:11:29.637056+05:30
PF1FVE2E,SAMSUNG 244 L Frost Free Double Door 2 Star Refrigerator,31000,33990,8% off,0,0,0,"['Digital Inverter Compressor', 'Built-in Stabilizer', '1 Year Warranty on Product and 10 Years on Compressor from Samsung']",https://www.flipkart.com/samsung-244-l-frost-free-double-door-2-star-refrigerator/p/itm0a7d6a692d420?pid=RFRG49A7UYJGCD5N&lid=LSTRFRG49A7UYJGCD5NFBAD9X&marketplace=FLIPKART&q=fridge&store=j9e%2Fabm%2Fhzg&srno=s_34_800&otracker=search&otracker1=search&fm=organic&iid=5fe2416a-e4db-4f3d-b487-457c4fbd3c4e.RFRG49A7UYJGCD5N.SEARCH&ppt=None&ppn=None&ssid=k059nw3lo00000001667799685894&qH=2be977f3ff92dd10,2022-11-07 11:11:30.420788+05:30
7H1UCGPB,Whirlpool 190 L Direct Cool Single Door 2 Star Refrigerator,13540,15900,14% off,37835,3499,4.3,"['Normal Compressor', 'Built-in Stabilizer', '1 Year on Product and 10 Years on Compressor from Whirlpool']",https://www.flipkart.com/whirlpool-190-l-direct-cool-single-door-2-star-refrigerator/p/itm23de1846cafca?pid=RFRFZGFANZJHN6SB&lid=LSTRFRFZGFANZJHN6SBRJ24IH&marketplace=FLIPKART&q=fridge&store=j9e%2Fabm%2Fhzg&srno=s_34_801&otracker=search&otracker1=search&fm=organic&iid=en_Sr%2BR%2FssaZ5Pe7QHy%2BZdj%2F7e%2B8%2FlKqezZMP5ZuentdbqmHvfonHlcMVrcfHQBVE%2FcfG1q4G8NhosLJpsjXdZLzg%3D%3D&ppt=None&ppn=None&ssid=k059nw3lo00000001667799685894&qH=2be977f3ff92dd10,2022-11-07 11:11:30.710979+05:30
Q8VW90QL,Whirlpool 190 L Direct Cool Single Door 3 Star Refrigerator with Base Drawer,16340,19500,16% off,444,34,4.3,"['Non Inverter Compressor', 'Built-in Stabilizer', '1 Year on Product and 10 Years on Compressor from Whirlpool']",https://www.flipkart.com/whirlpool-190-l-direct-cool-single-door-3-star-refrigerator-base-drawer/p/itmd625ad7498750?pid=RFRG4XR6FXK3XANH&lid=LSTRFRG4XR6FXK3XANH2QMZGI&marketplace=FLIPKART&q=fridge&store=j9e%2Fabm%2Fhzg&srno=s_34_802&otracker=search&otracker1=search&fm=organic&iid=en_Sr%2BR%2FssaZ5Pe7QHy%2BZdj%2F7e%2B8%2FlKqezZMP5Zuentdbqj6uySA18BZv12gNQg2AouMGzOfXGzGk9IKwrcXp9P4A%3D%3D&ppt=None&ppn=None&ssid=k059nw3lo00000001667799685894&qH=2be977f3ff92dd10,2022-11-07 11:11:31.014565+05:30
YWPOO08R,Whirlpool 200 L Direct Cool Single Door 4 Star Refrigerator,19299,22600,14% off,0,0,0,"['DC Inverter Compressor', 'Built-in Stabilizer', '1 Year Warranty on Product and 10 Years on Compressor']",https://www.flipkart.com/whirlpool-200-l-direct-cool-single-door-4-star-refrigerator/p/itmdc905c4dc91cf?pid=RFRFVFPHGG7CZUGF&lid=LSTRFRFVFPHGG7CZUGFHYORSH&marketplace=FLIPKART&q=fridge&store=j9e%2Fabm%2Fhzg&srno=s_34_803&otracker=search&otracker1=search&fm=organic&iid=5fe2416a-e4db-4f3d-b487-457c4fbd3c4e.RFRFVFPHGG7CZUGF.SEARCH&ppt=None&ppn=None&ssid=k059nw3lo00000001667799685894&qH=2be977f3ff92dd10,2022-11-07 11:11:31.826822+05:30
I72SOG7S,ONIDA 190 L Direct Cool Single Door 3 Star Refrigerator,14099,20490,31% off,1,1,4,"['Reciprocatory Compressor', '1 Year Warranty on Product and 10 Years Warranty on Compressor From Godrej']",https://www.flipkart.com/onida-190-l-direct-cool-single-door-3-star-refrigerator/p/itm4ebe85a59245f?pid=RFRFWRDMCM2KADJE&lid=LSTRFRFWRDMCM2KADJEHHKUOX&marketplace=FLIPKART&q=fridge&store=j9e%2Fabm%2Fhzg&srno=s_34_804&otracker=search&otracker1=search&fm=organic&iid=5fe2416a-e4db-4f3d-b487-457c4fbd3c4e.RFRFWRDMCM2KADJE.SEARCH&ppt=None&ppn=None&ssid=k059nw3lo00000001667799685894&qH=2be977f3ff92dd10,2022-11-07 11:11:32.701618+05:30
WA0ZMEUZ,Panasonic 197 L Direct Cool Single Door 2 Star Refrigerator,15160,16900,10% off,0,0,0,"['Digital Inverter Compressor', 'Built-in Stabilizer', '1 Year on Product and 10 Years on Compressor']",https://www.flipkart.com/panasonic-197-l-direct-cool-single-door-2-star-refrigerator/p/itmb1c4f91d9322c?pid=RFRGFSYBG87FHH57&lid=LSTRFRGFSYBG87FHH57IOT1FG&marketplace=FLIPKART&q=fridge&store=j9e%2Fabm%2Fhzg&srno=s_34_805&otracker=search&otracker1=search&fm=organic&iid=5fe2416a-e4db-4f3d-b487-457c4fbd3c4e.RFRGFSYBG87FHH57.SEARCH&ppt=None&ppn=None&ssid=k059nw3lo00000001667799685894&qH=2be977f3ff92dd10,2022-11-07 11:11:33.516291+05:30
KLJOEIU2,SAMSUNG 415 L Frost Free Double Door 2 Star Refrigerator,46189,54000,14% off,180,18,4.5,"['Digital Inverter Compressor', 'Built-in Stabilizer', '1 Year Warranty on Product and 10 Years Warranty on Compressor from Samsung']",https://www.flipkart.com/samsung-415-l-frost-free-double-door-2-star-refrigerator/p/itmd47ab257647cf?pid=RFRER7WVEHAFVYKG&lid=LSTRFRER7WVEHAFVYKGRKH01Y&marketplace=FLIPKART&q=fridge&store=j9e%2Fabm%2Fhzg&srno=s_34_806&otracker=search&otracker1=search&fm=organic&iid=5fe2416a-e4db-4f3d-b487-457c4fbd3c4e.RFRER7WVEHAFVYKG.SEARCH&ppt=None&ppn=None&ssid=k059nw3lo00000001667799685894&qH=2be977f3ff92dd10,2022-11-07 11:11:33.992087+05:30
VSMGK7DW,Whirlpool 190 L Direct Cool Single Door 2 Star Refrigerator,13540,16500,17% off,37835,3499,4.3,"['Normal Compressor', 'Built-in Stabilizer', '1 Year on Product and 10 Years on Compressor from Whirlpool']",https://www.flipkart.com/whirlpool-190-l-direct-cool-single-door-2-star-refrigerator/p/itm823c53fcf0200?pid=RFRFZGFADYS3UTBG&lid=LSTRFRFZGFADYS3UTBGFVSNUE&marketplace=FLIPKART&q=fridge&store=j9e%2Fabm%2Fhzg&srno=s_34_807&otracker=search&otracker1=search&fm=organic&iid=en_Sr%2BR%2FssaZ5Pe7QHy%2BZdj%2F7e%2B8%2FlKqezZMP5ZuentdboQn8z6NKQ2pKpn1Q8SDJpW6VmDAgCf6DMckC1h3ZnRZg%3D%3D&ppt=None&ppn=None&ssid=k059nw3lo00000001667799685894&qH=2be977f3ff92dd10,2022-11-07 11:11:34.283308+05:30
R5BBMICY,Whirlpool 190 L Direct Cool Single Door 3 Star Refrigerator,15340,18000,14% off,622,47,4.3,"['Non Inverter Compressor', 'Built-in Stabilizer', '1 Year on Product and 10 Years on Compressor from Whirlpool']",https://www.flipkart.com/whirlpool-190-l-direct-cool-single-door-3-star-refrigerator/p/itmc4870feb17803?pid=RFRG4XR689KTY9QT&lid=LSTRFRG4XR689KTY9QTJUWMVD&marketplace=FLIPKART&q=fridge&store=j9e%2Fabm%2Fhzg&srno=s_34_808&otracker=search&otracker1=search&fm=organic&iid=en_Sr%2BR%2FssaZ5Pe7QHy%2BZdj%2F7e%2B8%2FlKqezZMP5ZuentdbphoRvxAha6oL%2FwFFNMbrjzSnPWXWX2eFur1r0QMwaKtQ%3D%3D&ppt=None&ppn=None&ssid=k059nw3lo00000001667799685894&qH=2be977f3ff92dd10,2022-11-07 11:11:34.582633+05:30
RTTH9WF9,Whirlpool 260 L Frost Free Triple Door Refrigerator,30490,36700,16% off,30897,3819,4.4,"['Reciprocatory Compressor', 'Built-in Stabilizer', '1 Year Warranty on Product and 10 Years on Compressor From Whirlpool']",https://www.flipkart.com/whirlpool-260-l-frost-free-triple-door-refrigerator/p/itm4b730d2ceccb1?pid=RFRDZEQ7BNKJSHJ7&lid=LSTRFRDZEQ7BNKJSHJ7D8SPPG&marketplace=FLIPKART&q=fridge&store=j9e%2Fabm%2Fhzg&srno=s_34_809&otracker=search&otracker1=search&fm=organic&iid=5fe2416a-e4db-4f3d-b487-457c4fbd3c4e.RFRDZEQ7BNKJSHJ7.SEARCH&ppt=None&ppn=None&ssid=k059nw3lo00000001667799685894&qH=2be977f3ff92dd10,2022-11-07 11:11:34.938441+05:30
KQ84KBP0,Midea 661 L Frost Free Side by Side Refrigerator,73990,114990,35% off,12,3,4.4,"['DC Inverter Compressor', 'Built-in Stabilizer', '1 Year on Product and 10 Years on Compressor from Midea']",https://www.flipkart.com/midea-661-l-frost-free-side-refrigerator/p/itm3819d38aab8c0?pid=RFRFT34JN6YEHPTH&lid=LSTRFRFT34JN6YEHPTHSC4KCW&marketplace=FLIPKART&q=fridge&store=j9e%2Fabm%2Fhzg&srno=s_34_810&otracker=search&otracker1=search&fm=organic&iid=5fe2416a-e4db-4f3d-b487-457c4fbd3c4e.RFRFT34JN6YEHPTH.SEARCH&ppt=None&ppn=None&ssid=k059nw3lo00000001667799685894&qH=2be977f3ff92dd10,2022-11-07 11:11:35.843122+05:30
EF4WVDUE,Whirlpool 190 L Direct Cool Single Door 3 Star Refrigerator,15340,17600,12% off,1327,122,4.2,"['Non Inverter Compressor', 'Built-in Stabilizer', '1 Year on Product and 10 Years on Compressor from Whirlpool']",https://www.flipkart.com/whirlpool-190-l-direct-cool-single-door-3-star-refrigerator/p/itm600cc6ce9ae49?pid=RFRG4XR6QNSM6X5H&lid=LSTRFRG4XR6QNSM6X5HUWM1ZO&marketplace=FLIPKART&q=fridge&store=j9e%2Fabm%2Fhzg&srno=s_34_811&otracker=search&otracker1=search&fm=organic&iid=en_Sr%2BR%2FssaZ5Pe7QHy%2BZdj%2F7e%2B8%2FlKqezZMP5Zuentdbq7KUTkD%2FRr7TLnwx%2BBFIUO3RgyFZzsE5Uq1sCzOjbMWg%3D%3D&ppt=None&ppn=None&ssid=k059nw3lo00000001667799685894&qH=2be977f3ff92dd10,2022-11-07 11:11:36.141507+05:30
KQWQ58AN,Whirlpool 190 L Direct Cool Single Door 3 Star Refrigerator,14640,17000,13% off,37835,3499,4.3,"['Normal Compressor', 'Built-in Stabilizer', '1 Year on Product and 10 Years on Compressor from Whirlpool']",https://www.flipkart.com/whirlpool-190-l-direct-cool-single-door-3-star-refrigerator/p/itmafa0a476dffe1?pid=RFRFZGFAHQ7VQXZF&lid=LSTRFRFZGFAHQ7VQXZFLUB4OV&marketplace=FLIPKART&q=fridge&store=j9e%2Fabm%2Fhzg&srno=s_34_812&otracker=search&otracker1=search&fm=organic&iid=en_Sr%2BR%2FssaZ5Pe7QHy%2BZdj%2F7e%2B8%2FlKqezZMP5ZuentdbrC8haIx8MoUOjrXkTFm6G29id%2Byr2a%2Frjl%2FtNWn3LZxQ%3D%3D&ppt=None&ppn=None&ssid=k059nw3lo00000001667799685894&qH=2be977f3ff92dd10,2022-11-07 11:11:36.450978+05:30
12ZG9L0L,Panasonic 335 L Frost Free Double Door 2 Star Refrigerator,32990,40000,17% off,1072,164,4.4,"['Inverter Compressor', 'Built-in Stabilizer', '1 Year Warranty on Product and 10 Years on Compressor']",https://www.flipkart.com/panasonic-335-l-frost-free-double-door-2-star-refrigerator/p/itm9d51d32271a7a?pid=RFRFSFEF7U29EYZR&lid=LSTRFRFSFEF7U29EYZREY0EHT&marketplace=FLIPKART&q=fridge&store=j9e%2Fabm%2Fhzg&srno=s_34_813&otracker=search&otracker1=search&fm=organic&iid=5fe2416a-e4db-4f3d-b487-457c4fbd3c4e.RFRFSFEF7U29EYZR.SEARCH&ppt=None&ppn=None&ssid=k059nw3lo00000001667799685894&qH=2be977f3ff92dd10,2022-11-07 11:11:36.749536+05:30
07OFESDY,Whirlpool 190 L Direct Cool Single Door 2 Star Refrigerator,13490,14700,8% off,2,1,5,"['Linear Compressor', 'Built-in Stabilizer', '1 Year Warranty on Product and 5 Years Warranty on Compressor from Whirpool']",https://www.flipkart.com/whirlpool-190-l-direct-cool-single-door-2-star-refrigerator/p/itm0a75928d9ccc3?pid=RFRGYHCRPGHZYXAF&lid=LSTRFRGYHCRPGHZYXAFW2LDEM&marketplace=FLIPKART&q=fridge&store=j9e%2Fabm%2Fhzg&srno=s_34_814&otracker=search&otracker1=search&fm=organic&iid=5fe2416a-e4db-4f3d-b487-457c4fbd3c4e.RFRGYHCRPGHZYXAF.SEARCH&ppt=None&ppn=None&ssid=k059nw3lo00000001667799685894&qH=2be977f3ff92dd10,2022-11-07 11:11:37.687732+05:30
VN27WWWT,Godrej 190 L Direct Cool Single Door 2 Star Refrigerator,14900,16500,9% off,0,0,0,"['Reciprocating', '1 Year Comprehensive Warranty and 10 Years Compressor Warranty']",https://www.flipkart.com/godrej-190-l-direct-cool-single-door-2-star-refrigerator/p/itm1a014c4fdff7e?pid=RFRGDM4AZGYKNWZH&lid=LSTRFRGDM4AZGYKNWZHZAOSAL&marketplace=FLIPKART&q=fridge&store=j9e%2Fabm%2Fhzg&srno=s_34_815&otracker=search&otracker1=search&fm=organic&iid=5fe2416a-e4db-4f3d-b487-457c4fbd3c4e.RFRGDM4AZGYKNWZH.SEARCH&ppt=None&ppn=None&ssid=k059nw3lo00000001667799685894&qH=2be977f3ff92dd10,2022-11-07 11:11:38.555299+05:30
WED2NF5W,LG 190 L Direct Cool Single Door 4 Star Refrigerator,17989,20190,10% off,209,20,4.3,"['Smart Inverter Compressor', 'Built-in Stabilizer', '1 Year on Product and 10 Years on Compressor From LG']",https://www.flipkart.com/lg-190-l-direct-cool-single-door-4-star-refrigerator/p/itmfgygmuavx9dfc?pid=RFRFGYGH53K4WSFS&lid=LSTRFRFGYGH53K4WSFSAOMDYF&marketplace=FLIPKART&q=fridge&store=j9e%2Fabm%2Fhzg&srno=s_34_816&otracker=search&otracker1=search&fm=organic&iid=5fe2416a-e4db-4f3d-b487-457c4fbd3c4e.RFRFGYGH53K4WSFS.SEARCH&ppt=None&ppn=None&ssid=k059nw3lo00000001667799685894&qH=2be977f3ff92dd10,2022-11-07 11:11:38.901288+05:30
2RH51V3C,SAMSUNG 192 L Direct Cool Single Door 3 Star Refrigerator,16099,17190,6% off,130,11,4.3,"['Digital Inverter Compressor', 'Built-in Stabilizer', '1 Year on Product and 10 Years on Compressor from Samsung']",https://www.flipkart.com/samsung-192-l-direct-cool-single-door-3-star-refrigerator/p/itmea0e30682a0bb?pid=RFRFZWXASHYTTFTR&lid=LSTRFRFZWXASHYTTFTRRMADFL&marketplace=FLIPKART&q=fridge&store=j9e%2Fabm%2Fhzg&srno=s_35_817&otracker=search&otracker1=search&fm=organic&iid=1b96de0e-ad30-45b2-a807-2af0a2750ce2.RFRFZWXASHYTTFTR.SEARCH&ppt=None&ppn=None&ssid=qpxvbh00m80000001667799699999&qH=2be977f3ff92dd10,2022-11-07 11:11:40.689666+05:30
8TPDKFRS,Whirlpool 440 L Frost Free Double Door 3 Star Convertible Refrigerator,52990,60500,12% off,28257,3027,4.3,"['Digital Inverter', 'Built-in Stabilizer', '1 Year Warranty on Unit and 10 Years Warranty on Compressor from Whirlpool']",https://www.flipkart.com/whirlpool-440-l-frost-free-double-door-3-star-convertible-refrigerator/p/itm0674239f12cb1?pid=RFRFZD5GGQKPFZ7V&lid=LSTRFRFZD5GGQKPFZ7VSJY3BK&marketplace=FLIPKART&q=fridge&store=j9e%2Fabm%2Fhzg&srno=s_35_818&otracker=search&otracker1=search&fm=organic&iid=1b96de0e-ad30-45b2-a807-2af0a2750ce2.RFRFZD5GGQKPFZ7V.SEARCH&ppt=None&ppn=None&ssid=qpxvbh00m80000001667799699999&qH=2be977f3ff92dd10,2022-11-07 11:11:40.992668+05:30
3GQ1E1TT,LG 360 L Frost Free Double Door 3 Star Convertible Refrigerator,46950,55490,15% off,0,0,0,"['Smart Inverter Compressor', 'Built-in Stabilizer', '1 Year Warranty on Product and 10 Years Warranty on Compressor from LG']",https://www.flipkart.com/lg-360-l-frost-free-double-door-3-star-convertible-refrigerator/p/itm3c7e36b2d6f06?pid=RFRGGHUCHUA57A7D&lid=LSTRFRGGHUCHUA57A7DDXJQS8&marketplace=FLIPKART&q=fridge&store=j9e%2Fabm%2Fhzg&srno=s_35_819&otracker=search&otracker1=search&fm=organic&iid=1b96de0e-ad30-45b2-a807-2af0a2750ce2.RFRGGHUCHUA57A7D.SEARCH&ppt=None&ppn=None&ssid=qpxvbh00m80000001667799699999&qH=2be977f3ff92dd10,2022-11-07 11:11:41.891666+05:30
OLHUZV6U,LG 190 L Direct Cool Single Door 3 Star Refrigerator,16990,22299,23% off,0,0,0,"['Smart Inverter Compressor', 'Built-in Stabilizer', '1 Year on Product and 10 Years on Compressor From LG']",https://www.flipkart.com/lg-190-l-direct-cool-single-door-3-star-refrigerator/p/itm52aaab830d518?pid=RFRGGBF5TH5ZHZGK&lid=LSTRFRGGBF5TH5ZHZGK2AQ2PW&marketplace=FLIPKART&q=fridge&store=j9e%2Fabm%2Fhzg&srno=s_35_820&otracker=search&otracker1=search&fm=organic&iid=1b96de0e-ad30-45b2-a807-2af0a2750ce2.RFRGGBF5TH5ZHZGK.SEARCH&ppt=None&ppn=None&ssid=qpxvbh00m80000001667799699999&qH=2be977f3ff92dd10,2022-11-07 11:11:42.193665+05:30
O1KIR6XA,Whirlpool 215 L Direct Cool Single Door 4 Star Refrigerator with Base Drawer,21490,23450,8% off,9500,1076,4.4,"['DC Inverter Compressor', 'Built-in Stabilizer', '1 Year Warranty on Product and 10 Years on Compressor']",https://www.flipkart.com/whirlpool-215-l-direct-cool-single-door-4-star-refrigerator-base-drawer/p/itm7743b4510ab3b?pid=RFRFRFWCHFJDPAWU&lid=LSTRFRFRFWCHFJDPAWU8FOXIT&marketplace=FLIPKART&q=fridge&store=j9e%2Fabm%2Fhzg&srno=s_35_821&otracker=search&otracker1=search&fm=organic&iid=1b96de0e-ad30-45b2-a807-2af0a2750ce2.RFRFRFWCHFJDPAWU.SEARCH&ppt=None&ppn=None&ssid=qpxvbh00m80000001667799699999&qH=2be977f3ff92dd10,2022-11-07 11:11:43.070666+05:30
XDEZM0GN,Whirlpool 325 L Frost Free Double Door Bottom Mount 2 Star Refrigerator,35990,42100,14% off,66,7,4.2,"['Intellisense Inverter Compressor', 'Built-in Stabilizer', '1 Year on Product and 10 Years on the Compressor from Whirlpool']",https://www.flipkart.com/whirlpool-325-l-frost-free-double-door-bottom-mount-2-star-refrigerator/p/itmc82c1c79b5323?pid=RFRFU3J6GGQYYUMH&lid=LSTRFRFU3J6GGQYYUMHNBTBRX&marketplace=FLIPKART&q=fridge&store=j9e%2Fabm%2Fhzg&srno=s_35_822&otracker=search&otracker1=search&fm=organic&iid=1b96de0e-ad30-45b2-a807-2af0a2750ce2.RFRFU3J6GGQYYUMH.SEARCH&ppt=None&ppn=None&ssid=qpxvbh00m80000001667799699999&qH=2be977f3ff92dd10,2022-11-07 11:11:43.833665+05:30
CMFUSJTP,LG 284 L Frost Free Double Door 3 Star Convertible Refrigerator,34249,47499,27% off,0,0,0,"['Smart Inverter Compressor', 'Built-in Stabilizer', '1 Year Warranty on Product and 10 Years Warranty on Compressor']",https://www.flipkart.com/lg-284-l-frost-free-double-door-3-star-convertible-refrigerator/p/itma16d95c66fe20?pid=RFRGDM3PEQYG8ZQG&lid=LSTRFRGDM3PEQYG8ZQGB3RS9J&marketplace=FLIPKART&q=fridge&store=j9e%2Fabm%2Fhzg&srno=s_35_823&otracker=search&otracker1=search&fm=organic&iid=1b96de0e-ad30-45b2-a807-2af0a2750ce2.RFRGDM3PEQYG8ZQG.SEARCH&ppt=None&ppn=None&ssid=qpxvbh00m80000001667799699999&qH=2be977f3ff92dd10,2022-11-07 11:11:44.137666+05:30
YVTPLIDE,Whirlpool 265 L Frost Free Double Door 2 Star Convertible Refrigerator,27190,33600,19% off,28257,3027,4.3,"['Digital Inverter', 'Built-in Stabilizer', '1 Year Warranty on Unit and 10 Years Warranty on Compressor from Whirlpool']",https://www.flipkart.com/whirlpool-265-l-frost-free-double-door-2-star-convertible-refrigerator/p/itmae51d9af4b726?pid=RFRFZD5GAAAAGU86&lid=LSTRFRFZD5GAAAAGU86Y0KSMH&marketplace=FLIPKART&q=fridge&store=j9e%2Fabm%2Fhzg&srno=s_35_824&otracker=search&otracker1=search&fm=organic&iid=1b96de0e-ad30-45b2-a807-2af0a2750ce2.RFRFZD5GAAAAGU86.SEARCH&ppt=None&ppn=None&ssid=qpxvbh00m80000001667799699999&qH=2be977f3ff92dd10,2022-11-07 11:11:44.442665+05:30
Y42WYM09,SAMSUNG 523 L Frost Free Double Door 2 Star Refrigerator,61990,76000,18% off,52,6,4,"['Digital Inverter Compressor', 'Built-in Stabilizer', '1 Year Warranty on Product and 10 Years Warranty on Compressor from Samsung']",https://www.flipkart.com/samsung-523-l-frost-free-double-door-2-star-refrigerator/p/itm1e510f9869489?pid=RFREGBSEZH34PA9Z&lid=LSTRFREGBSEZH34PA9Z0AWJT7&marketplace=FLIPKART&q=fridge&store=j9e%2Fabm%2Fhzg&srno=s_35_825&otracker=search&otracker1=search&fm=organic&iid=1b96de0e-ad30-45b2-a807-2af0a2750ce2.RFREGBSEZH34PA9Z.SEARCH&ppt=None&ppn=None&ssid=qpxvbh00m80000001667799699999&qH=2be977f3ff92dd10,2022-11-07 11:11:45.074665+05:30
DLKAV6YY,LG 335 L Frost Free Double Door 2 Star Refrigerator,35999,41490,13% off,8,1,4.8,"['Smart Inverter Compressor', 'Built-in Stabilizer', '1 Year Warranty on Product and 10 Years Warranty on Compressor from LG']",https://www.flipkart.com/lg-335-l-frost-free-double-door-2-star-refrigerator/p/itmc2e1449babfa3?pid=RFRFPBGTM9ZYMYHV&lid=LSTRFRFPBGTM9ZYMYHVIBZFIN&marketplace=FLIPKART&q=fridge&store=j9e%2Fabm%2Fhzg&srno=s_35_826&otracker=search&otracker1=search&fm=organic&iid=1b96de0e-ad30-45b2-a807-2af0a2750ce2.RFRFPBGTM9ZYMYHV.SEARCH&ppt=None&ppn=None&ssid=qpxvbh00m80000001667799699999&qH=2be977f3ff92dd10,2022-11-07 11:11:45.989665+05:30
69EKHIY1,Haier 192 L Direct Cool Single Door 3 Star Refrigerator,19919,20999,5% off,8,1,4.4,"['Normal Compressor', 'Built-in Stabilizer', '1 Year Warranty on Product and 10 Years Warranty on Compressor from Haier']",https://www.flipkart.com/haier-192-l-direct-cool-single-door-3-star-refrigerator/p/itm7f38d715bcade?pid=RFRFP77CZN4ZYFVK&lid=LSTRFRFP77CZN4ZYFVKTLMTJK&marketplace=FLIPKART&q=fridge&store=j9e%2Fabm%2Fhzg&srno=s_35_827&otracker=search&otracker1=search&fm=organic&iid=1b96de0e-ad30-45b2-a807-2af0a2750ce2.RFRFP77CZN4ZYFVK.SEARCH&ppt=None&ppn=None&ssid=qpxvbh00m80000001667799699999&qH=2be977f3ff92dd10,2022-11-07 11:11:46.768666+05:30
D45C7LIB,Voltas Beko 626 L Frost Free Side by Side Refrigerator,89999,110590,18% off,0,0,0,"['Inverter Compressor', 'Built-in Stabilizer', '2 Years Comprehensive Warranty on Product and 10 Years Additional Warranty on Compressor']",https://www.flipkart.com/voltas-beko-626-l-frost-free-side-refrigerator/p/itm9a57759ced960?pid=RFRG4H3DV27GAGZV&lid=LSTRFRG4H3DV27GAGZVUNA7GB&marketplace=FLIPKART&q=fridge&store=j9e%2Fabm%2Fhzg&srno=s_35_828&otracker=search&otracker1=search&fm=organic&iid=1b96de0e-ad30-45b2-a807-2af0a2750ce2.RFRG4H3DV27GAGZV.SEARCH&ppt=None&ppn=None&ssid=qpxvbh00m80000001667799699999&qH=2be977f3ff92dd10,2022-11-07 11:11:47.533666+05:30
0FJO77EK,Lloyd 200 L Direct Cool Single Door 4 Star Refrigerator with Base Drawer,15990,24590,34% off,423,51,4.4,"['Inverter Compressor', 'Built-in Stabilizer', '1 Year on Product and 9 Years Additional on Compressor from Lloyd']",https://www.flipkart.com/lloyd-200-l-direct-cool-single-door-4-star-refrigerator-base-drawer/p/itmf03db4bfc9c08?pid=RFRG6H9PRSGEGH9V&lid=LSTRFRG6H9PRSGEGH9VG9BIAH&marketplace=FLIPKART&q=fridge&store=j9e%2Fabm%2Fhzg&srno=s_35_829&otracker=search&otracker1=search&fm=organic&iid=1b96de0e-ad30-45b2-a807-2af0a2750ce2.RFRG6H9PRSGEGH9V.SEARCH&ppt=None&ppn=None&ssid=qpxvbh00m80000001667799699999&qH=2be977f3ff92dd10,2022-11-07 11:11:48.372664+05:30
MXVMTP8G,Godrej 343 L Frost Free Double Door Top Mount 2 Star Refrigerator,33999,49820,31% off,0,0,0,"['Rotary Compressor', 'Built-in Stabilizer', '1 Year Warranty on product and 10 Years Warranty on Compressor from Godrej']",https://www.flipkart.com/godrej-343-l-frost-free-double-door-top-mount-2-star-refrigerator/p/itm04b2ccb3c1c86?pid=RFRGBAW5GC6Z7R58&lid=LSTRFRGBAW5GC6Z7R58NLVUTH&marketplace=FLIPKART&q=fridge&store=j9e%2Fabm%2Fhzg&srno=s_35_830&otracker=search&otracker1=search&fm=organic&iid=1b96de0e-ad30-45b2-a807-2af0a2750ce2.RFRGBAW5GC6Z7R58.SEARCH&ppt=None&ppn=None&ssid=qpxvbh00m80000001667799699999&qH=2be977f3ff92dd10,2022-11-07 11:11:48.802665+05:30
AB6PMZMB,SAMSUNG 407 L Frost Free Double Door 3 Star Refrigerator,51790,68990,24% off,0,0,0,"['Digital Inverter Compressor', 'Built-in Stabilizer', '1 Year Warranty on Product and 10 Years Warranty on Compressor From Samsung']",https://www.flipkart.com/samsung-407-l-frost-free-double-door-3-star-refrigerator/p/itm8c3026d80f229?pid=RFRGGUUXGZPYNYAH&lid=LSTRFRGGUUXGZPYNYAHIILBJP&marketplace=FLIPKART&q=fridge&store=j9e%2Fabm%2Fhzg&srno=s_35_831&otracker=search&otracker1=search&fm=organic&iid=1b96de0e-ad30-45b2-a807-2af0a2750ce2.RFRGGUUXGZPYNYAH.SEARCH&ppt=None&ppn=None&ssid=qpxvbh00m80000001667799699999&qH=2be977f3ff92dd10,2022-11-07 11:11:49.727667+05:30
PQNYZEUE,Whirlpool 258 L Frost Free Double Door 2 Star Refrigerator,26299,32550,19% off,0,0,0,"['Linear Compressor', 'Built-in Stabilizer', '1 Year on Product and 10 Years on Compressor']",https://www.flipkart.com/whirlpool-258-l-frost-free-double-door-2-star-refrigerator/p/itm29300e2de7462?pid=RFRGGKW22HMYQHXY&lid=LSTRFRGGKW22HMYQHXYKIGR1Q&marketplace=FLIPKART&q=fridge&store=j9e%2Fabm%2Fhzg&srno=s_35_832&otracker=search&otracker1=search&fm=organic&iid=1b96de0e-ad30-45b2-a807-2af0a2750ce2.RFRGGKW22HMYQHXY.SEARCH&ppt=None&ppn=None&ssid=qpxvbh00m80000001667799699999&qH=2be977f3ff92dd10,2022-11-07 11:11:50.651668+05:30
856KZAEX,SAMSUNG 345 L Frost Free Double Door 3 Star Convertible Refrigerator,38950,46990,17% off,9,0,4.3,"['Digital Inverter Compressor', 'Built-in Stabilizer', '1 Year Warranty on Product and 10 Years on Compressor from Samsung']",https://www.flipkart.com/samsung-345-l-frost-free-double-door-3-star-convertible-refrigerator/p/itmc1e9579271c0e?pid=RFRFZZZ3KG3RTQEM&lid=LSTRFRFZZZ3KG3RTQEMK94JEF&marketplace=FLIPKART&q=fridge&store=j9e%2Fabm%2Fhzg&srno=s_35_833&otracker=search&otracker1=search&fm=organic&iid=1b96de0e-ad30-45b2-a807-2af0a2750ce2.RFRFZZZ3KG3RTQEM.SEARCH&ppt=None&ppn=None&ssid=qpxvbh00m80000001667799699999&qH=2be977f3ff92dd10,2022-11-07 11:11:50.997665+05:30
BL1UVQKN,Voltas 220 L Direct Cool Single Door 3 Star Refrigerator,17799,26190,32% off,21,2,4,"['Reciprocating Compressor', 'Built-in Stabilizer', '10 Years International Warranty']",https://www.flipkart.com/voltas-220-l-direct-cool-single-door-3-star-refrigerator/p/itm231ba0ec16557?pid=RFRG5SYM9YUKXVQE&lid=LSTRFRG5SYM9YUKXVQEFLVKM2&marketplace=FLIPKART&q=fridge&store=j9e%2Fabm%2Fhzg&srno=s_35_834&otracker=search&otracker1=search&fm=organic&iid=1b96de0e-ad30-45b2-a807-2af0a2750ce2.RFRG5SYM9YUKXVQE.SEARCH&ppt=None&ppn=None&ssid=qpxvbh00m80000001667799699999&qH=2be977f3ff92dd10,2022-11-07 11:11:51.820665+05:30
QMFRF0LS,SAMSUNG 670 L Frost Free Double Door 2 Star Refrigerator,75800,89000,14% off,55,3,4.6,"['Digital Inverter Compressor', 'Built-in Stabilizer', '1 Year Warranty on Product and 10 Years Warranty on Compressor from Samsung']",https://www.flipkart.com/samsung-670-l-frost-free-double-door-2-star-refrigerator/p/itm7ec85e7c112d7?pid=RFREHX7BVDYMTJ7F&lid=LSTRFREHX7BVDYMTJ7FBZA8ZG&marketplace=FLIPKART&q=fridge&store=j9e%2Fabm%2Fhzg&srno=s_35_835&otracker=search&otracker1=search&fm=organic&iid=1b96de0e-ad30-45b2-a807-2af0a2750ce2.RFREHX7BVDYMTJ7F.SEARCH&ppt=None&ppn=None&ssid=qpxvbh00m80000001667799699999&qH=2be977f3ff92dd10,2022-11-07 11:11:52.813666+05:30
W7J26ZFH,Kelvinator 45 L Frost Free Single Door 2 Star Refrigerator,9480,12489,24% off,5,1,3.8,"['NexGen inverter compressor', 'Built-in Stabilizer', '5 Year on Product and 10 Years on Compressor']",https://www.flipkart.com/kelvinator-45-l-frost-free-single-door-2-star-refrigerator/p/itm67125fcdc4be9?pid=RFRGF5GWZFHHZHGG&lid=LSTRFRGF5GWZFHHZHGGJ6ZOIU&marketplace=FLIPKART&q=fridge&store=j9e%2Fabm%2Fhzg&srno=s_35_836&otracker=search&otracker1=search&fm=organic&iid=1b96de0e-ad30-45b2-a807-2af0a2750ce2.RFRGF5GWZFHHZHGG.SEARCH&ppt=None&ppn=None&ssid=qpxvbh00m80000001667799699999&qH=2be977f3ff92dd10,2022-11-07 11:11:53.695668+05:30
E45L5N8W,Haier 192 L Direct Cool Single Door 3 Star Refrigerator with Base Drawer,15999,18000,11% off,13,1,4.2,"['Normal Compressor', 'Built-in Stabilizer', '1 Year Warranty on Product and 10 Years on Compressor from Haier']",https://www.flipkart.com/haier-192-l-direct-cool-single-door-3-star-refrigerator-base-drawer/p/itm15da8cb599c7b?pid=RFRFP77CD7N6GEQG&lid=LSTRFRFP77CD7N6GEQGGTTIMN&marketplace=FLIPKART&q=fridge&store=j9e%2Fabm%2Fhzg&srno=s_35_837&otracker=search&otracker1=search&fm=organic&iid=1b96de0e-ad30-45b2-a807-2af0a2750ce2.RFRFP77CD7N6GEQG.SEARCH&ppt=None&ppn=None&ssid=qpxvbh00m80000001667799699999&qH=2be977f3ff92dd10,2022-11-07 11:11:54.529666+05:30
SG8G24QJ,Godrej 215 L Direct Cool Single Door 2 Star Refrigerator,17199,20140,14% off,4,0,3.3,"['Inverter Compressor', 'Built-in Stabilizer', '1 Year Warranty on Product and 10 Years Warranty on Compressor from Godrej']",https://www.flipkart.com/godrej-215-l-direct-cool-single-door-2-star-refrigerator/p/itmc5ec35baa5b59?pid=RFRFVSZJWYQGTN2C&lid=LSTRFRFVSZJWYQGTN2CYWHHGZ&marketplace=FLIPKART&q=fridge&store=j9e%2Fabm%2Fhzg&srno=s_35_838&otracker=search&otracker1=search&fm=organic&iid=1b96de0e-ad30-45b2-a807-2af0a2750ce2.RFRFVSZJWYQGTN2C.SEARCH&ppt=None&ppn=None&ssid=qpxvbh00m80000001667799699999&qH=2be977f3ff92dd10,2022-11-07 11:11:55.288666+05:30
OXA2GT6R,Godrej 190 L Direct Cool Single Door 3 Star Refrigerator,17000,21940,22% off,0,0,0,"['Reciprocating', 'Built-in Stabilizer', '1 Year Comprehensive Warranty and 10 Years Compressor Warranty from Godrej']",https://www.flipkart.com/godrej-190-l-direct-cool-single-door-3-star-refrigerator/p/itmacd1d5520bb97?pid=RFRG6W5VYCDNGH5R&lid=LSTRFRG6W5VYCDNGH5REE7POX&marketplace=FLIPKART&q=fridge&store=j9e%2Fabm%2Fhzg&srno=s_35_839&otracker=search&otracker1=search&fm=organic&iid=1b96de0e-ad30-45b2-a807-2af0a2750ce2.RFRG6W5VYCDNGH5R.SEARCH&ppt=None&ppn=None&ssid=qpxvbh00m80000001667799699999&qH=2be977f3ff92dd10,2022-11-07 11:11:56.079666+05:30
1R8T1UZA,LG 201 L Frost Free Single Door 3 Star Refrigerator,17490,22299,21% off,0,0,0,"['Inverter', 'Built-in Stabilizer', '1 Year Warranty on Product and 10 Years on Compressor from LG']",https://www.flipkart.com/lg-201-l-frost-free-single-door-3-star-refrigerator/p/itm52aaab830d518?pid=RFRGHA3GMEAPZ7ZZ&lid=LSTRFRGHA3GMEAPZ7ZZQ2TFJN&marketplace=FLIPKART&q=fridge&store=j9e%2Fabm%2Fhzg&srno=s_35_840&otracker=search&otracker1=search&fm=organic&iid=1b96de0e-ad30-45b2-a807-2af0a2750ce2.RFRGHA3GMEAPZ7ZZ.SEARCH&ppt=None&ppn=None&ssid=qpxvbh00m80000001667799699999&qH=2be977f3ff92dd10,2022-11-07 11:11:56.399667+05:30
STIB3HMD,Whirlpool 190 L Direct Cool Single Door 2 Star Refrigerator,12990,15600,16% off,37835,3499,4.3,"['Normal Compressor', 'Built-in Stabilizer', '1 Year on Product and 10 Years on Compressor from Whirlpool']",https://www.flipkart.com/whirlpool-190-l-direct-cool-single-door-2-star-refrigerator/p/itmf6b4c3749b7e4?pid=RFRFZGFAGZUJTXWF&lid=LSTRFRFZGFAGZUJTXWFPDDAKA&marketplace=FLIPKART&q=fridge&store=j9e%2Fabm%2Fhzg&srno=s_36_841&otracker=search&otracker1=search&fm=organic&iid=en_sjFac3K44oFvX0RrthvqFYaky04ZzsVhbqOsiObQq680JgotRGpSGNc0AjYFv7CHUxBERcvvxLbebUgcQtk5mQ%3D%3D&ppt=None&ppn=None&ssid=pn3tkzws000000001667799717535&qH=2be977f3ff92dd10,2022-11-07 11:11:57.401666+05:30
L5VVJ5DA,Whirlpool 240 L Frost Free Triple Door Refrigerator,27990,33250,15% off,30897,3819,4.4,"['Normal Compressor', 'Built-in Stabilizer', '1 Year Warranty on Product and 10 Years Warranty on Compressor from Whirlpool']",https://www.flipkart.com/whirlpool-240-l-frost-free-triple-door-refrigerator/p/itmf7z5vhfcxysvp?pid=RFRF3HZZZYTNKSCU&lid=LSTRFRF3HZZZYTNKSCUCOA9SO&marketplace=FLIPKART&q=fridge&store=j9e%2Fabm%2Fhzg&srno=s_36_842&otracker=search&otracker1=search&fm=organic&iid=en_sjFac3K44oFvX0RrthvqFYaky04ZzsVhbqOsiObQq6%2Fl2HTp0s31o1%2BQuIxjRKx07Rfr5RUYhX0WhJqwxOQvSg%3D%3D&ppt=None&ppn=None&ssid=pn3tkzws000000001667799717535&qH=2be977f3ff92dd10,2022-11-07 11:11:57.706665+05:30
C5DCJUWY,Haier 192 L Direct Cool Single Door 3 Star Refrigerator with Base Drawer,16999,21500,20% off,103,11,4.3,"['Normal Compressor', 'Built-in Stabilizer', '1 Year Warranty on Product and 10 Years Warranty on Compressor from Haier']",https://www.flipkart.com/haier-192-l-direct-cool-single-door-3-star-refrigerator-base-drawer/p/itmec0b1c85f640c?pid=RFRFP77CWEPNEHZU&lid=LSTRFRFP77CWEPNEHZUJLAYJG&marketplace=FLIPKART&q=fridge&store=j9e%2Fabm%2Fhzg&srno=s_36_843&otracker=search&otracker1=search&fm=organic&iid=defadf94-20b6-41aa-9bd9-56454b29f235.RFRFP77CWEPNEHZU.SEARCH&ppt=None&ppn=None&ssid=pn3tkzws000000001667799717535&qH=2be977f3ff92dd10,2022-11-07 11:11:58.022077+05:30
OHYM53OI,Godrej 190 L Direct Cool Single Door 3 Star Refrigerator,17000,21940,22% off,0,0,0,"['Reciprocating', 'Built-in Stabilizer', '1 Year Comprehensive Warranty and 10 Years Compressor Warranty from Godrej']",https://www.flipkart.com/godrej-190-l-direct-cool-single-door-3-star-refrigerator/p/itmacd1d5520bb97?pid=RFRG6W5VYCDNGH5R&lid=LSTRFRG6W5VYCDNGH5REE7POX&marketplace=FLIPKART&q=fridge&store=j9e%2Fabm%2Fhzg&srno=s_36_844&otracker=search&otracker1=search&fm=organic&iid=defadf94-20b6-41aa-9bd9-56454b29f235.RFRG6W5VYCDNGH5R.SEARCH&ppt=None&ppn=None&ssid=pn3tkzws000000001667799717535&qH=2be977f3ff92dd10,2022-11-07 11:11:58.324322+05:30
W7QNIN6L,SAMSUNG 192 L Direct Cool Single Door 3 Star Refrigerator,16100,17990,10% off,45,3,4.3,"['Digital Inverter Compressor', 'Built-in Stabilizer', '1 Year on Product and 10 Years on Compressor From Samsung']",https://www.flipkart.com/samsung-192-l-direct-cool-single-door-3-star-refrigerator/p/itm6238b4a8f8b7e?pid=RFRFZKEUF76JF4ZG&lid=LSTRFRFZKEUF76JF4ZG0RBHF6&marketplace=FLIPKART&q=fridge&store=j9e%2Fabm%2Fhzg&srno=s_36_845&otracker=search&otracker1=search&fm=organic&iid=defadf94-20b6-41aa-9bd9-56454b29f235.RFRFZKEUF76JF4ZG.SEARCH&ppt=None&ppn=None&ssid=pn3tkzws000000001667799717535&qH=2be977f3ff92dd10,2022-11-07 11:11:59.242202+05:30
ELQGRYDH,LG 201 L Frost Free Single Door 3 Star Refrigerator,17490,22299,21% off,0,0,0,"['Inverter', 'Built-in Stabilizer', '1 Year Warranty on Product and 10 Years on Compressor from LG']",https://www.flipkart.com/lg-201-l-frost-free-single-door-3-star-refrigerator/p/itm52aaab830d518?pid=RFRGHA3GMEAPZ7ZZ&lid=LSTRFRGHA3GMEAPZ7ZZQ2TFJN&marketplace=FLIPKART&q=fridge&store=j9e%2Fabm%2Fhzg&srno=s_36_846&otracker=search&otracker1=search&fm=organic&iid=defadf94-20b6-41aa-9bd9-56454b29f235.RFRGHA3GMEAPZ7ZZ.SEARCH&ppt=None&ppn=None&ssid=pn3tkzws000000001667799717535&qH=2be977f3ff92dd10,2022-11-07 11:11:59.534331+05:30
D90I4N7V,Whirlpool 190 L Direct Cool Single Door 3 Star Refrigerator with Base Drawer,16340,20450,20% off,820,91,4.3,"['Non Inverter Compressor', 'Built-in Stabilizer', '1 Year on Product and 10 Years on Compressor from Whirlpool']",https://www.flipkart.com/whirlpool-190-l-direct-cool-single-door-3-star-refrigerator-base-drawer/p/itm495a967730b3c?pid=RFRG4XR6ZDXBEMZR&lid=LSTRFRG4XR6ZDXBEMZRXQJ2DZ&marketplace=FLIPKART&q=fridge&store=j9e%2Fabm%2Fhzg&srno=s_36_847&otracker=search&otracker1=search&fm=organic&iid=en_sjFac3K44oFvX0RrthvqFYaky04ZzsVhbqOsiObQq68Cy93sr6RYEGM%2BD%2Fb4uIuLCik8178uFvOyLd%2F99yHoOg%3D%3D&ppt=None&ppn=None&ssid=pn3tkzws000000001667799717535&qH=2be977f3ff92dd10,2022-11-07 11:11:59.824379+05:30
XL848Q37,Whirlpool 190 L Direct Cool Single Door 2 Star Refrigerator,13540,15900,14% off,37835,3499,4.3,"['Normal Compressor', 'Built-in Stabilizer', '1 Year on Product and 10 Years on Compressor from Whirlpool']",https://www.flipkart.com/whirlpool-190-l-direct-cool-single-door-2-star-refrigerator/p/itm23de1846cafca?pid=RFRFZGFANZJHN6SB&lid=LSTRFRFZGFANZJHN6SBRJ24IH&marketplace=FLIPKART&q=fridge&store=j9e%2Fabm%2Fhzg&srno=s_36_848&otracker=search&otracker1=search&fm=organic&iid=en_sjFac3K44oFvX0RrthvqFYaky04ZzsVhbqOsiObQq6%2BBZNuWoVVHCaHohjMJFDLyfG1q4G8NhosLJpsjXdZLzg%3D%3D&ppt=None&ppn=None&ssid=pn3tkzws000000001667799717535&qH=2be977f3ff92dd10,2022-11-07 11:12:00.140219+05:30
F2GLM785,SAMSUNG 220 L Direct Cool Single Door 4 Star Refrigerator,21900,25990,15% off,0,0,0,"['Digital Inverter Compressor', 'Built-in Stabilizer', '1 Year Warranty on Product and 10 Years on Compressor from Samsung']",https://www.flipkart.com/samsung-220-l-direct-cool-single-door-4-star-refrigerator/p/itmf25cba5408a11?pid=RFRG49A7NQJYVHPB&lid=LSTRFRG49A7NQJYVHPBVVDZEV&marketplace=FLIPKART&q=fridge&store=j9e%2Fabm%2Fhzg&srno=s_36_849&otracker=search&otracker1=search&fm=organic&iid=defadf94-20b6-41aa-9bd9-56454b29f235.RFRG49A7NQJYVHPB.SEARCH&ppt=None&ppn=None&ssid=pn3tkzws000000001667799717535&qH=2be977f3ff92dd10,2022-11-07 11:12:01.084864+05:30
SNV8KRX3,LG 360 L Frost Free Double Door 3 Star Convertible Refrigerator,47990,60590,20% off,0,0,0,"['Inverter Linear Compressor', 'Built-in Stabilizer', '1 y Manufacturer Warranty']",https://www.flipkart.com/lg-360-l-frost-free-double-door-3-star-convertible-refrigerator/p/itm4ec972ea8d559?pid=RFRG6WUVPYYWBZS9&lid=LSTRFRG6WUVPYYWBZS9MEIWRY&marketplace=FLIPKART&q=fridge&store=j9e%2Fabm%2Fhzg&srno=s_36_850&otracker=search&otracker1=search&fm=organic&iid=defadf94-20b6-41aa-9bd9-56454b29f235.RFRG6WUVPYYWBZS9.SEARCH&ppt=None&ppn=None&ssid=pn3tkzws000000001667799717535&qH=2be977f3ff92dd10,2022-11-07 11:12:01.404273+05:30
FLXD36ZD,Whirlpool 300 L Frost Free Triple Door Refrigerator,34390,43950,21% off,30897,3819,4.4,"['Normal Compressor', 'Built-in Stabilizer', '1 Year Warranty on Product and 10 Years on Compressor From Whirlpool']",https://www.flipkart.com/whirlpool-300-l-frost-free-triple-door-refrigerator/p/itmexbvqq3h9zyz2?pid=RFRDZEQ7FYQ5QTSN&lid=LSTRFRDZEQ7FYQ5QTSNHFAVDN&marketplace=FLIPKART&q=fridge&store=j9e%2Fabm%2Fhzg&srno=s_36_851&otracker=search&otracker1=search&fm=organic&iid=en_sjFac3K44oFvX0RrthvqFYaky04ZzsVhbqOsiObQq6900v2EcBLhPqvhoU5G%2Fj4xDo5XXw04e34i8rC9wk%2FwUA%3D%3D&ppt=None&ppn=None&ssid=pn3tkzws000000001667799717535&qH=2be977f3ff92dd10,2022-11-07 11:12:01.706279+05:30
DRQ00UY4,Whirlpool 190 L Direct Cool Single Door 3 Star Refrigerator with Base Drawer,16340,19500,16% off,444,34,4.3,"['Non Inverter Compressor', 'Built-in Stabilizer', '1 Year on Product and 10 Years on Compressor from Whirlpool']",https://www.flipkart.com/whirlpool-190-l-direct-cool-single-door-3-star-refrigerator-base-drawer/p/itmd625ad7498750?pid=RFRG4XR6FXK3XANH&lid=LSTRFRG4XR6FXK3XANH2QMZGI&marketplace=FLIPKART&q=fridge&store=j9e%2Fabm%2Fhzg&srno=s_36_852&otracker=search&otracker1=search&fm=organic&iid=en_sjFac3K44oFvX0RrthvqFYaky04ZzsVhbqOsiObQq6%2FwlfbE0Unt6v3AOgae0YtWMGzOfXGzGk9IKwrcXp9P4A%3D%3D&ppt=None&ppn=None&ssid=pn3tkzws000000001667799717535&qH=2be977f3ff92dd10,2022-11-07 11:12:02.064205+05:30
4S74Z31W,Lloyd 200 L Direct Cool Single Door 3 Star Refrigerator,15999,23490,31% off,0,0,0,"['Inverter', 'Built-in Stabilizer', '1 Year Domestic Warranty on Product and Additional 9 Years on Compressor']",https://www.flipkart.com/lloyd-200-l-direct-cool-single-door-3-star-refrigerator/p/itmed6a3913cada3?pid=RFRGHCM6HDPCC7ZE&lid=LSTRFRGHCM6HDPCC7ZEDU4SWZ&marketplace=FLIPKART&q=fridge&store=j9e%2Fabm%2Fhzg&srno=s_36_853&otracker=search&otracker1=search&fm=organic&iid=defadf94-20b6-41aa-9bd9-56454b29f235.RFRGHCM6HDPCC7ZE.SEARCH&ppt=None&ppn=None&ssid=pn3tkzws000000001667799717535&qH=2be977f3ff92dd10,2022-11-07 11:12:02.874841+05:30
EB06MD3U,LG 190 L Direct Cool Single Door 3 Star Refrigerator,17399,20999,17% off,23,2,4.5,"['Smart Inverter Compressor', 'Built-in Stabilizer', '1 Year Warranty on Product and 10 Years on Compressor']",https://www.flipkart.com/lg-190-l-direct-cool-single-door-3-star-refrigerator/p/itm2a82287834497?pid=RFRG5J3GCRHHHRGF&lid=LSTRFRG5J3GCRHHHRGFJKGWXC&marketplace=FLIPKART&q=fridge&store=j9e%2Fabm%2Fhzg&srno=s_36_854&otracker=search&otracker1=search&fm=organic&iid=defadf94-20b6-41aa-9bd9-56454b29f235.RFRG5J3GCRHHHRGF.SEARCH&ppt=None&ppn=None&ssid=pn3tkzws000000001667799717535&qH=2be977f3ff92dd10,2022-11-07 11:12:03.740242+05:30
3LEDVQUB,LG 260 L Frost Free Double Door 3 Star Refrigerator,30999,40000,22% off,24,3,4.5,"['Linear Compressor', 'Built-in Stabilizer', '1 Year Warranty on product and 10 Years Warranty on compressor from LG']",https://www.flipkart.com/lg-260-l-frost-free-double-door-3-star-refrigerator/p/itma1ea7f99bbe2b?pid=RFRGYS5GF6ZCBYZS&lid=LSTRFRGYS5GF6ZCBYZSOQKAVT&marketplace=FLIPKART&q=fridge&store=j9e%2Fabm%2Fhzg&srno=s_36_855&otracker=search&otracker1=search&fm=organic&iid=defadf94-20b6-41aa-9bd9-56454b29f235.RFRGYS5GF6ZCBYZS.SEARCH&ppt=None&ppn=None&ssid=pn3tkzws000000001667799717535&qH=2be977f3ff92dd10,2022-11-07 11:12:04.048592+05:30
SH8XN4YP,Whirlpool 200 L Direct Cool Single Door 4 Star Refrigerator with Base Drawer,17129,23950,28% off,22,2,4.5,"['Normal Compressor', 'Built-in Stabilizer', '1 Year on Product and 10 Years on Compressor']",https://www.flipkart.com/whirlpool-200-l-direct-cool-single-door-4-star-refrigerator-base-drawer/p/itm132d41d229646?pid=RFRGDRGZ2Z7GXSVW&lid=LSTRFRGDRGZ2Z7GXSVWJCWPOG&marketplace=FLIPKART&q=fridge&store=j9e%2Fabm%2Fhzg&srno=s_36_856&otracker=search&otracker1=search&fm=organic&iid=defadf94-20b6-41aa-9bd9-56454b29f235.RFRGDRGZ2Z7GXSVW.SEARCH&ppt=None&ppn=None&ssid=pn3tkzws000000001667799717535&qH=2be977f3ff92dd10,2022-11-07 11:12:04.827540+05:30
AOOKBLIN,Whirlpool 190 L Direct Cool Single Door 2 Star Refrigerator,13540,16500,17% off,37835,3499,4.3,"['Normal Compressor', 'Built-in Stabilizer', '1 Year on Product and 10 Years on Compressor from Whirlpool']",https://www.flipkart.com/whirlpool-190-l-direct-cool-single-door-2-star-refrigerator/p/itm823c53fcf0200?pid=RFRFZGFADYS3UTBG&lid=LSTRFRFZGFADYS3UTBGFVSNUE&marketplace=FLIPKART&q=fridge&store=j9e%2Fabm%2Fhzg&srno=s_36_857&otracker=search&otracker1=search&fm=organic&iid=en_sjFac3K44oFvX0RrthvqFYaky04ZzsVhbqOsiObQq68xduhhbBhbEMRyJKW2CbaN6VmDAgCf6DMckC1h3ZnRZg%3D%3D&ppt=None&ppn=None&ssid=pn3tkzws000000001667799717535&qH=2be977f3ff92dd10,2022-11-07 11:12:05.120244+05:30
YT5O439E,Whirlpool 190 L Direct Cool Single Door 3 Star Refrigerator,15340,18000,14% off,622,47,4.3,"['Non Inverter Compressor', 'Built-in Stabilizer', '1 Year on Product and 10 Years on Compressor from Whirlpool']",https://www.flipkart.com/whirlpool-190-l-direct-cool-single-door-3-star-refrigerator/p/itmc4870feb17803?pid=RFRG4XR689KTY9QT&lid=LSTRFRG4XR689KTY9QTJUWMVD&marketplace=FLIPKART&q=fridge&store=j9e%2Fabm%2Fhzg&srno=s_36_858&otracker=search&otracker1=search&fm=organic&iid=en_sjFac3K44oFvX0RrthvqFYaky04ZzsVhbqOsiObQq69YhDZcYkLDXoizhQm7ENsASnPWXWX2eFur1r0QMwaKtQ%3D%3D&ppt=None&ppn=None&ssid=pn3tkzws000000001667799717535&qH=2be977f3ff92dd10,2022-11-07 11:12:05.421176+05:30
CM2LV34J,Panasonic 333 L Frost Free Double Door Refrigerator,30990,42000,26% off,32,10,4.3,"['Inverter Compressor', 'Built-in Stabilizer', '1 Year Warranty on Product and 10 Years Warranty on Compressor from Panasonic']",https://www.flipkart.com/panasonic-333-l-frost-free-double-door-refrigerator/p/itmf3rz7se8ztgzh?pid=RFREWDFFVDWCGNHT&lid=LSTRFREWDFFVDWCGNHTYV23JS&marketplace=FLIPKART&q=fridge&store=j9e%2Fabm%2Fhzg&srno=s_36_859&otracker=search&otracker1=search&fm=organic&iid=defadf94-20b6-41aa-9bd9-56454b29f235.RFREWDFFVDWCGNHT.SEARCH&ppt=None&ppn=None&ssid=pn3tkzws000000001667799717535&qH=2be977f3ff92dd10,2022-11-07 11:12:06.681201+05:30
OM4BQ4UZ,LG 675 L Frost Free Side by Side 5 Star Refrigerator,114999,132390,13% off,0,0,0,"['Inverter Linear Compressor', 'Built-in Stabilizer', '1 Year Warranty on product and 10 Years Warranty on compressor from LG']",https://www.flipkart.com/lg-675-l-frost-free-side-5-star-refrigerator/p/itmaa4f636dd4618?pid=RFRG4H74BC6AGQWG&lid=LSTRFRG4H74BC6AGQWGZ0BR1G&marketplace=FLIPKART&q=fridge&store=j9e%2Fabm%2Fhzg&srno=s_36_860&otracker=search&otracker1=search&fm=organic&iid=defadf94-20b6-41aa-9bd9-56454b29f235.RFRG4H74BC6AGQWG.SEARCH&ppt=None&ppn=None&ssid=pn3tkzws000000001667799717535&qH=2be977f3ff92dd10,2022-11-07 11:12:06.970193+05:30
S6RB9BN9,Whirlpool 190 L Direct Cool Single Door 3 Star Refrigerator,15340,17600,12% off,1327,122,4.2,"['Non Inverter Compressor', 'Built-in Stabilizer', '1 Year on Product and 10 Years on Compressor from Whirlpool']",https://www.flipkart.com/whirlpool-190-l-direct-cool-single-door-3-star-refrigerator/p/itm600cc6ce9ae49?pid=RFRG4XR6QNSM6X5H&lid=LSTRFRG4XR6QNSM6X5HUWM1ZO&marketplace=FLIPKART&q=fridge&store=j9e%2Fabm%2Fhzg&srno=s_36_861&otracker=search&otracker1=search&fm=organic&iid=en_sjFac3K44oFvX0RrthvqFYaky04ZzsVhbqOsiObQq69LH7jY7amA1424IYpss9ID3RgyFZzsE5Uq1sCzOjbMWg%3D%3D&ppt=None&ppn=None&ssid=pn3tkzws000000001667799717535&qH=2be977f3ff92dd10,2022-11-07 11:12:07.279879+05:30
PC8725U9,Whirlpool 190 L Direct Cool Single Door 3 Star Refrigerator,14640,17000,13% off,37835,3499,4.3,"['Normal Compressor', 'Built-in Stabilizer', '1 Year on Product and 10 Years on Compressor from Whirlpool']",https://www.flipkart.com/whirlpool-190-l-direct-cool-single-door-3-star-refrigerator/p/itmafa0a476dffe1?pid=RFRFZGFAHQ7VQXZF&lid=LSTRFRFZGFAHQ7VQXZFLUB4OV&marketplace=FLIPKART&q=fridge&store=j9e%2Fabm%2Fhzg&srno=s_36_862&otracker=search&otracker1=search&fm=organic&iid=en_sjFac3K44oFvX0RrthvqFYaky04ZzsVhbqOsiObQq6%2FmMYeegtSXXZibhNz8aDWxZZHikuLs61%2BJy0ccFBS1Fg%3D%3D&ppt=None&ppn=None&ssid=pn3tkzws000000001667799717535&qH=2be977f3ff92dd10,2022-11-07 11:12:07.584969+05:30
B75WCZN1,LG 260 L Frost Free Double Door Top Mount 3 Star Convertible Refrigerator  with Smart Inverter,28990,35390,18% off,16672,1998,4.4,"['Smart Inverter Compressor', 'Built-in Stabilizer', '1 Year on Product and 10 Years on Compressor from LG']",https://www.flipkart.com/lg-260-l-frost-free-double-door-top-mount-3-star-convertible-refrigerator-smart-inverter/p/itm87f25f3a15e77?pid=RFRGYRZD55BQNGCM&lid=LSTRFRGYRZD55BQNGCM2I4PJA&marketplace=FLIPKART&q=fridge&store=j9e%2Fabm%2Fhzg&srno=s_36_863&otracker=search&otracker1=search&fm=organic&iid=defadf94-20b6-41aa-9bd9-56454b29f235.RFRGYRZD55BQNGCM.SEARCH&ppt=None&ppn=None&ssid=pn3tkzws000000001667799717535&qH=2be977f3ff92dd10,2022-11-07 11:12:08.505251+05:30
TZZR3Z9M,SAMSUNG 386 L Frost Free Double Door 2 Star Convertible Refrigerator  with Curd Maestro,49200,55990,12% off,3,0,5,"['Digital Inverter Compressor', 'Built-in Stabilizer', '1 Year on Product and 10 Years on Compressor From Samsung']",https://www.flipkart.com/samsung-386-l-frost-free-double-door-2-star-convertible-refrigerator-curd-maestro/p/itm76b4b852e3e4e?pid=RFRFV7US7HGZBCNA&lid=LSTRFRFV7US7HGZBCNA0DRYT2&marketplace=FLIPKART&q=fridge&store=j9e%2Fabm%2Fhzg&srno=s_36_864&otracker=search&otracker1=search&fm=organic&iid=defadf94-20b6-41aa-9bd9-56454b29f235.RFRFV7US7HGZBCNA.SEARCH&ppt=None&ppn=None&ssid=pn3tkzws000000001667799717535&qH=2be977f3ff92dd10,2022-11-07 11:12:09.225909+05:30
1BOS2T7Y,Haier 181 L Direct Cool Single Door 2 Star Refrigerator,13519,18000,24% off,0,0,0,"['Normal', '1 Year on Product and 10 Years on Compressor']",https://www.flipkart.com/haier-181-l-direct-cool-single-door-2-star-refrigerator/p/itm41989f8790b95?pid=RFRGGJQHABYHJZQW&lid=LSTRFRGGJQHABYHJZQWP7HNUQ&marketplace=FLIPKART&q=fridge&store=j9e%2Fabm%2Fhzg&srno=s_37_865&otracker=search&otracker1=search&fm=organic&iid=df4d812d-92f7-4a2f-971f-b733fa4b50f6.RFRGGJQHABYHJZQW.SEARCH&ppt=None&ppn=None&ssid=4irl6ck13k0000001667799730362&qH=2be977f3ff92dd10,2022-11-07 11:12:10.808219+05:30
696H55GT,SAMSUNG 225 L Direct Cool Single Door 3 Star Refrigerator,23490,23990,2% off,4,0,3,"['Digital Inverter Compressor', 'Built-in Stabilizer', '1 Year Warranty on Product and 10 Years on Compressor from Samsung']",https://www.flipkart.com/samsung-225-l-direct-cool-single-door-3-star-refrigerator/p/itm79f3981ee16d0?pid=RFRG49A7ZRJYBTFJ&lid=LSTRFRG49A7ZRJYBTFJR0NZAF&marketplace=FLIPKART&q=fridge&store=j9e%2Fabm%2Fhzg&srno=s_37_866&otracker=search&otracker1=search&fm=organic&iid=df4d812d-92f7-4a2f-971f-b733fa4b50f6.RFRG49A7ZRJYBTFJ.SEARCH&ppt=None&ppn=None&ssid=4irl6ck13k0000001667799730362&qH=2be977f3ff92dd10,2022-11-07 11:12:11.587359+05:30
MMYKVSS3,Whirlpool 190 L Direct Cool Single Door 2 Star Refrigerator,12990,15600,16% off,37835,3499,4.3,"['Normal Compressor', 'Built-in Stabilizer', '1 Year on Product and 10 Years on Compressor from Whirlpool']",https://www.flipkart.com/whirlpool-190-l-direct-cool-single-door-2-star-refrigerator/p/itmf6b4c3749b7e4?pid=RFRFZGFAGZUJTXWF&lid=LSTRFRFZGFAGZUJTXWFPDDAKA&marketplace=FLIPKART&q=fridge&store=j9e%2Fabm%2Fhzg&srno=s_37_867&otracker=search&otracker1=search&fm=organic&iid=en_lrg3Se5%2FOWmdnwxcdqAWJaFbWLTEkE97maqJa829cU%2FJAukGtXi1147J16RXZoPOUxBERcvvxLbebUgcQtk5mQ%3D%3D&ppt=None&ppn=None&ssid=4irl6ck13k0000001667799730362&qH=2be977f3ff92dd10,2022-11-07 11:12:11.948701+05:30
LSL85S4D,Whirlpool 240 L Frost Free Triple Door Refrigerator,27990,33250,15% off,30897,3819,4.4,"['Normal Compressor', 'Built-in Stabilizer', '1 Year Warranty on Product and 10 Years Warranty on Compressor from Whirlpool']",https://www.flipkart.com/whirlpool-240-l-frost-free-triple-door-refrigerator/p/itmf7z5vhfcxysvp?pid=RFRF3HZZZYTNKSCU&lid=LSTRFRF3HZZZYTNKSCUCOA9SO&marketplace=FLIPKART&q=fridge&store=j9e%2Fabm%2Fhzg&srno=s_37_868&otracker=search&otracker1=search&fm=organic&iid=en_lrg3Se5%2FOWmdnwxcdqAWJaFbWLTEkE97maqJa829cU97KQeuWGinP3dA4e%2FbIbBv7Rfr5RUYhX0WhJqwxOQvSg%3D%3D&ppt=None&ppn=None&ssid=4irl6ck13k0000001667799730362&qH=2be977f3ff92dd10,2022-11-07 11:12:12.304365+05:30
B4JT1YIV,LG 190 L Direct Cool Single Door 3 Star Refrigerator with Base Drawer,18399,20990,12% off,7049,908,4.4,"['Smart Inverter Compressor', 'Built-in Stabilizer', '1 Year Warranty on product and 10 Years Warranty on compressor from LG']",https://www.flipkart.com/lg-190-l-direct-cool-single-door-3-star-refrigerator-base-drawer/p/itm2a03e44a63884?pid=RFRF22ZSW5KU52BJ&lid=LSTRFRF22ZSW5KU52BJGK0QYN&marketplace=FLIPKART&q=fridge&store=j9e%2Fabm%2Fhzg&srno=s_37_869&otracker=search&otracker1=search&fm=organic&iid=df4d812d-92f7-4a2f-971f-b733fa4b50f6.RFRF22ZSW5KU52BJ.SEARCH&ppt=None&ppn=None&ssid=4irl6ck13k0000001667799730362&qH=2be977f3ff92dd10,2022-11-07 11:12:13.105155+05:30
3RIUMG1I,LG 260 L Frost Free Double Door Top Mount 2 Star Refrigerator,25620,31990,19% off,6,1,4.7,"['Smart Inverter Compressor', 'Built-in Stabilizer', '1 Year Warranty on Product and 10 Years on Compressor from LG']",https://www.flipkart.com/lg-260-l-frost-free-double-door-top-mount-2-star-refrigerator/p/itm4d6c39fe750f1?pid=RFRG4VMHQQDYZZWK&lid=LSTRFRG4VMHQQDYZZWKFFPIE3&marketplace=FLIPKART&q=fridge&store=j9e%2Fabm%2Fhzg&srno=s_37_870&otracker=search&otracker1=search&fm=organic&iid=df4d812d-92f7-4a2f-971f-b733fa4b50f6.RFRG4VMHQQDYZZWK.SEARCH&ppt=None&ppn=None&ssid=4irl6ck13k0000001667799730362&qH=2be977f3ff92dd10,2022-11-07 11:12:13.833714+05:30
5T849NM4,Whirlpool 190 L Direct Cool Single Door 3 Star Refrigerator with Base Drawer,16340,20450,20% off,820,91,4.3,"['Non Inverter Compressor', 'Built-in Stabilizer', '1 Year on Product and 10 Years on Compressor from Whirlpool']",https://www.flipkart.com/whirlpool-190-l-direct-cool-single-door-3-star-refrigerator-base-drawer/p/itm495a967730b3c?pid=RFRG4XR6ZDXBEMZR&lid=LSTRFRG4XR6ZDXBEMZRXQJ2DZ&marketplace=FLIPKART&q=fridge&store=j9e%2Fabm%2Fhzg&srno=s_37_871&otracker=search&otracker1=search&fm=organic&iid=en_lrg3Se5%2FOWmdnwxcdqAWJaFbWLTEkE97maqJa829cU8rsld9VBUC8Z5Eya0BXkeuCik8178uFvOyLd%2F99yHoOg%3D%3D&ppt=None&ppn=None&ssid=4irl6ck13k0000001667799730362&qH=2be977f3ff92dd10,2022-11-07 11:12:14.125187+05:30
TUX138MA,Whirlpool 190 L Direct Cool Single Door 2 Star Refrigerator,13540,15900,14% off,37835,3499,4.3,"['Normal Compressor', 'Built-in Stabilizer', '1 Year on Product and 10 Years on Compressor from Whirlpool']",https://www.flipkart.com/whirlpool-190-l-direct-cool-single-door-2-star-refrigerator/p/itm23de1846cafca?pid=RFRFZGFANZJHN6SB&lid=LSTRFRFZGFANZJHN6SBRJ24IH&marketplace=FLIPKART&q=fridge&store=j9e%2Fabm%2Fhzg&srno=s_37_872&otracker=search&otracker1=search&fm=organic&iid=en_lrg3Se5%2FOWmdnwxcdqAWJaFbWLTEkE97maqJa829cU%2FjZ0rfgJmpEoBgzaqZBcs6fG1q4G8NhosLJpsjXdZLzg%3D%3D&ppt=None&ppn=None&ssid=4irl6ck13k0000001667799730362&qH=2be977f3ff92dd10,2022-11-07 11:12:14.457395+05:30
Y46ER6LF,Whirlpool 245 L Frost Free Double Door 2 Star Refrigerator,24390,30200,19% off,40,5,4,"['Reciprocating Compressor', '1 Year on Product and 10 Years on the Compressor']",https://www.flipkart.com/whirlpool-245-l-frost-free-double-door-2-star-refrigerator/p/itm16f1264e7c054?pid=RFRG9AGHDYQJGPWW&lid=LSTRFRG9AGHDYQJGPWW2OGF9D&marketplace=FLIPKART&q=fridge&store=j9e%2Fabm%2Fhzg&srno=s_37_873&otracker=search&otracker1=search&fm=organic&iid=df4d812d-92f7-4a2f-971f-b733fa4b50f6.RFRG9AGHDYQJGPWW.SEARCH&ppt=None&ppn=None&ssid=4irl6ck13k0000001667799730362&qH=2be977f3ff92dd10,2022-11-07 11:12:15.220568+05:30
9DLPU86D,Whirlpool 355 L Frost Free Double Door Bottom Mount 3 Star Refrigerator,44240,47250,6% off,54,7,3.8,"['Intellisense Inverter Compressor', 'Built-in Stabilizer', '1 Year on Product and 10 Years on the Compressor from Whirlpool']",https://www.flipkart.com/whirlpool-355-l-frost-free-double-door-bottom-mount-3-star-refrigerator/p/itma54ad05c13be5?pid=RFRFU3J6KR2EZSVF&lid=LSTRFRFU3J6KR2EZSVFA8J3HD&marketplace=FLIPKART&q=fridge&store=j9e%2Fabm%2Fhzg&srno=s_37_874&otracker=search&otracker1=search&fm=organic&iid=df4d812d-92f7-4a2f-971f-b733fa4b50f6.RFRFU3J6KR2EZSVF.SEARCH&ppt=None&ppn=None&ssid=4irl6ck13k0000001667799730362&qH=2be977f3ff92dd10,2022-11-07 11:12:16.038398+05:30
Q5Q6M8B8,Whirlpool 200 L Direct Cool Single Door 4 Star Refrigerator,19019,24500,22% off,18,3,4.4,"['DC Inverter Compressor', 'Built-in Stabilizer', '1 Year on Product, 10 Years on Compressor']",https://www.flipkart.com/whirlpool-200-l-direct-cool-single-door-4-star-refrigerator/p/itm0367b1e699f0a?pid=RFRFW9HVQQZ7GTT3&lid=LSTRFRFW9HVQQZ7GTT3PAYNJZ&marketplace=FLIPKART&q=fridge&store=j9e%2Fabm%2Fhzg&srno=s_37_875&otracker=search&otracker1=search&fm=organic&iid=df4d812d-92f7-4a2f-971f-b733fa4b50f6.RFRFW9HVQQZ7GTT3.SEARCH&ppt=None&ppn=None&ssid=4irl6ck13k0000001667799730362&qH=2be977f3ff92dd10,2022-11-07 11:12:16.840124+05:30
9D52E0EE,LG 215 L Direct Cool Single Door 3 Star Refrigerator with Base Drawer,20590,26099,21% off,0,0,0,"['Conventional Compressor', 'Built-in Stabilizer', '1 Year on Product and 10 Years on Compressor From LG']",https://www.flipkart.com/lg-215-l-direct-cool-single-door-3-star-refrigerator-base-drawer/p/itm84860cb6a3746?pid=RFRGHYB5Y4NCGKTY&lid=LSTRFRGHYB5Y4NCGKTYTPOH3Z&marketplace=FLIPKART&q=fridge&store=j9e%2Fabm%2Fhzg&srno=s_37_876&otracker=search&otracker1=search&fm=organic&iid=df4d812d-92f7-4a2f-971f-b733fa4b50f6.RFRGHYB5Y4NCGKTY.SEARCH&ppt=None&ppn=None&ssid=4irl6ck13k0000001667799730362&qH=2be977f3ff92dd10,2022-11-07 11:12:17.662607+05:30
86EQUVQ2,Whirlpool 300 L Frost Free Triple Door Refrigerator,34390,43950,21% off,30897,3819,4.4,"['Normal Compressor', 'Built-in Stabilizer', '1 Year Warranty on Product and 10 Years on Compressor From Whirlpool']",https://www.flipkart.com/whirlpool-300-l-frost-free-triple-door-refrigerator/p/itmexbvqq3h9zyz2?pid=RFRDZEQ7FYQ5QTSN&lid=LSTRFRDZEQ7FYQ5QTSNHFAVDN&marketplace=FLIPKART&q=fridge&store=j9e%2Fabm%2Fhzg&srno=s_37_877&otracker=search&otracker1=search&fm=organic&iid=en_lrg3Se5%2FOWmdnwxcdqAWJaFbWLTEkE97maqJa829cU%2BzSGrcKeNdZShZ5yTgxJo8Do5XXw04e34i8rC9wk%2FwUA%3D%3D&ppt=None&ppn=None&ssid=4irl6ck13k0000001667799730362&qH=2be977f3ff92dd10,2022-11-07 11:12:18.043789+05:30
W5WXWP3Q,Whirlpool 190 L Direct Cool Single Door 3 Star Refrigerator with Base Drawer,16340,19500,16% off,444,34,4.3,"['Non Inverter Compressor', 'Built-in Stabilizer', '1 Year on Product and 10 Years on Compressor from Whirlpool']",https://www.flipkart.com/whirlpool-190-l-direct-cool-single-door-3-star-refrigerator-base-drawer/p/itmd625ad7498750?pid=RFRG4XR6FXK3XANH&lid=LSTRFRG4XR6FXK3XANH2QMZGI&marketplace=FLIPKART&q=fridge&store=j9e%2Fabm%2Fhzg&srno=s_37_878&otracker=search&otracker1=search&fm=organic&iid=en_lrg3Se5%2FOWmdnwxcdqAWJaFbWLTEkE97maqJa829cU%2BA8fevzVjfj9NFX3YDg77WMGzOfXGzGk9IKwrcXp9P4A%3D%3D&ppt=None&ppn=None&ssid=4irl6ck13k0000001667799730362&qH=2be977f3ff92dd10,2022-11-07 11:12:18.344864+05:30
OITCCBMG,Lloyd 340 L Frost Free Double Door 3 Star Refrigerator,32990,48990,32% off,20,1,4.3,"['Inverter Compressor', 'Built-in Stabilizer', '1 Year on Product and 9 Years Additional on Compressor from Lloyd']",https://www.flipkart.com/lloyd-340-l-frost-free-double-door-3-star-refrigerator/p/itm64c6bfd1270b9?pid=RFRG6H9PHBHCGNQX&lid=LSTRFRG6H9PHBHCGNQXVDIOYM&marketplace=FLIPKART&q=fridge&store=j9e%2Fabm%2Fhzg&srno=s_37_879&otracker=search&otracker1=search&fm=organic&iid=df4d812d-92f7-4a2f-971f-b733fa4b50f6.RFRG6H9PHBHCGNQX.SEARCH&ppt=None&ppn=None&ssid=4irl6ck13k0000001667799730362&qH=2be977f3ff92dd10,2022-11-07 11:12:19.165356+05:30
78GVWPUT,SAMSUNG 265 L Frost Free Double Door 3 Star Convertible Refrigerator  with Curd Maestro,37190,39990,7% off,20,5,4.3,"['Digital Inverter Compressor', 'Built-in Stabilizer', '1 Year Warranty on Product and 10 Years on Compressor']",https://www.flipkart.com/samsung-265-l-frost-free-double-door-3-star-convertible-refrigerator-curd-maestro/p/itmbd418ae865bb6?pid=RFRFZGJCGX65HX2W&lid=LSTRFRFZGJCGX65HX2WA36CFP&marketplace=FLIPKART&q=fridge&store=j9e%2Fabm%2Fhzg&srno=s_37_880&otracker=search&otracker1=search&fm=organic&iid=df4d812d-92f7-4a2f-971f-b733fa4b50f6.RFRFZGJCGX65HX2W.SEARCH&ppt=None&ppn=None&ssid=4irl6ck13k0000001667799730362&qH=2be977f3ff92dd10,2022-11-07 11:12:20.097373+05:30
FFKVD07V,Whirlpool 190 L Direct Cool Single Door 2 Star Refrigerator,13540,16500,17% off,37835,3499,4.3,"['Normal Compressor', 'Built-in Stabilizer', '1 Year on Product and 10 Years on Compressor from Whirlpool']",https://www.flipkart.com/whirlpool-190-l-direct-cool-single-door-2-star-refrigerator/p/itm823c53fcf0200?pid=RFRFZGFADYS3UTBG&lid=LSTRFRFZGFADYS3UTBGFVSNUE&marketplace=FLIPKART&q=fridge&store=j9e%2Fabm%2Fhzg&srno=s_37_881&otracker=search&otracker1=search&fm=organic&iid=en_lrg3Se5%2FOWmdnwxcdqAWJaFbWLTEkE97maqJa829cU8MMd2LJBWuBt75hVMxBfZk6VmDAgCf6DMckC1h3ZnRZg%3D%3D&ppt=None&ppn=None&ssid=4irl6ck13k0000001667799730362&qH=2be977f3ff92dd10,2022-11-07 11:12:20.411700+05:30
DHZYU7H1,Whirlpool 190 L Direct Cool Single Door 3 Star Refrigerator,15340,18000,14% off,622,47,4.3,"['Non Inverter Compressor', 'Built-in Stabilizer', '1 Year on Product and 10 Years on Compressor from Whirlpool']",https://www.flipkart.com/whirlpool-190-l-direct-cool-single-door-3-star-refrigerator/p/itmc4870feb17803?pid=RFRG4XR689KTY9QT&lid=LSTRFRG4XR689KTY9QTJUWMVD&marketplace=FLIPKART&q=fridge&store=j9e%2Fabm%2Fhzg&srno=s_37_882&otracker=search&otracker1=search&fm=organic&iid=en_lrg3Se5%2FOWmdnwxcdqAWJaFbWLTEkE97maqJa829cU934gmwRNdxNGPBgQgZvzskSnPWXWX2eFur1r0QMwaKtQ%3D%3D&ppt=None&ppn=None&ssid=4irl6ck13k0000001667799730362&qH=2be977f3ff92dd10,2022-11-07 11:12:20.830735+05:30
NRNU304T,SAMSUNG 198 L Direct Cool Single Door 3 Star Refrigerator,18490,19990,7% off,0,0,0,"['Digital Inverter Compressor', 'Built-in Stabilizer', '1 Year Warranty on Product and 10 Years on Compressor from Samsung']",https://www.flipkart.com/samsung-198-l-direct-cool-single-door-3-star-refrigerator/p/itm1be09dc17bf24?pid=RFRG5VFEZ8ZGPFT5&lid=LSTRFRG5VFEZ8ZGPFT5VB9VBD&marketplace=FLIPKART&q=fridge&store=j9e%2Fabm%2Fhzg&srno=s_37_883&otracker=search&otracker1=search&fm=organic&iid=df4d812d-92f7-4a2f-971f-b733fa4b50f6.RFRG5VFEZ8ZGPFT5.SEARCH&ppt=None&ppn=None&ssid=4irl6ck13k0000001667799730362&qH=2be977f3ff92dd10,2022-11-07 11:12:21.569557+05:30
VJ6RE8QF,Whirlpool 260 L Frost Free Triple Door Refrigerator,30599,32760,6% off,5282,883,4.4,"['Reciprocatory Compressor', 'Built-in Stabilizer', '1 Year Warranty on Product and 10 Years on Compressor From Whirlpool']",https://www.flipkart.com/whirlpool-260-l-frost-free-triple-door-refrigerator/p/itmf423bdchapvwn?pid=RFRFF8WMYKUGG9ZN&lid=LSTRFRFF8WMYKUGG9ZND03EAP&marketplace=FLIPKART&q=fridge&store=j9e%2Fabm%2Fhzg&srno=s_37_884&otracker=search&otracker1=search&fm=organic&iid=df4d812d-92f7-4a2f-971f-b733fa4b50f6.RFRFF8WMYKUGG9ZN.SEARCH&ppt=None&ppn=None&ssid=4irl6ck13k0000001667799730362&qH=2be977f3ff92dd10,2022-11-07 11:12:22.509540+05:30
7B95197T,Godrej 190 L Direct Cool Single Door 3 Star Refrigerator,15190,16400,7% off,515,67,4.3,"['Reciprocatory Compressor', 'Built-in Stabilizer', '1 Year on Product and 10 Years on Compressor From Godrej']",https://www.flipkart.com/godrej-190-l-direct-cool-single-door-3-star-refrigerator/p/itm456edaaa6f857?pid=RFRFPZZ9ZNZWFH5Q&lid=LSTRFRFPZZ9ZNZWFH5QVLHBIU&marketplace=FLIPKART&q=fridge&store=j9e%2Fabm%2Fhzg&srno=s_37_885&otracker=search&otracker1=search&fm=organic&iid=df4d812d-92f7-4a2f-971f-b733fa4b50f6.RFRFPZZ9ZNZWFH5Q.SEARCH&ppt=None&ppn=None&ssid=4irl6ck13k0000001667799730362&qH=2be977f3ff92dd10,2022-11-07 11:12:23.370183+05:30
Y74GLUL5,LG 190 L Direct Cool Single Door 5 Star Refrigerator with Base Drawer,19590,24690,20% off,9,2,4.2,"['Smart Inverter Compressor', 'Built-in Stabilizer', '1 Year on Product and 10 Years on Compressor From LG']",https://www.flipkart.com/lg-190-l-direct-cool-single-door-5-star-refrigerator-base-drawer/p/itm8678707e72753?pid=RFRGGBF5QHZGZEMK&lid=LSTRFRGGBF5QHZGZEMKVY6R73&marketplace=FLIPKART&q=fridge&store=j9e%2Fabm%2Fhzg&srno=s_37_886&otracker=search&otracker1=search&fm=organic&iid=df4d812d-92f7-4a2f-971f-b733fa4b50f6.RFRGGBF5QHZGZEMK.SEARCH&ppt=None&ppn=None&ssid=4irl6ck13k0000001667799730362&qH=2be977f3ff92dd10,2022-11-07 11:12:23.688361+05:30
0WJKQ8XK,Whirlpool 190 L Direct Cool Single Door 3 Star Refrigerator,15340,17600,12% off,1327,122,4.2,"['Non Inverter Compressor', 'Built-in Stabilizer', '1 Year on Product and 10 Years on Compressor from Whirlpool']",https://www.flipkart.com/whirlpool-190-l-direct-cool-single-door-3-star-refrigerator/p/itm600cc6ce9ae49?pid=RFRG4XR6QNSM6X5H&lid=LSTRFRG4XR6QNSM6X5HUWM1ZO&marketplace=FLIPKART&q=fridge&store=j9e%2Fabm%2Fhzg&srno=s_37_887&otracker=search&otracker1=search&fm=organic&iid=en_lrg3Se5%2FOWmdnwxcdqAWJaFbWLTEkE97maqJa829cU9fS74Vb1Nbn0k7AXmoafSm3RgyFZzsE5Uq1sCzOjbMWg%3D%3D&ppt=None&ppn=None&ssid=4irl6ck13k0000001667799730362&qH=2be977f3ff92dd10,2022-11-07 11:12:23.979349+05:30
IFGYTU16,Whirlpool 190 L Direct Cool Single Door 3 Star Refrigerator,14640,17000,13% off,37835,3499,4.3,"['Normal Compressor', 'Built-in Stabilizer', '1 Year on Product and 10 Years on Compressor from Whirlpool']",https://www.flipkart.com/whirlpool-190-l-direct-cool-single-door-3-star-refrigerator/p/itmafa0a476dffe1?pid=RFRFZGFAHQ7VQXZF&lid=LSTRFRFZGFAHQ7VQXZFLUB4OV&marketplace=FLIPKART&q=fridge&store=j9e%2Fabm%2Fhzg&srno=s_37_888&otracker=search&otracker1=search&fm=organic&iid=en_lrg3Se5%2FOWmdnwxcdqAWJaFbWLTEkE97maqJa829cU%2BiyMtcI%2FF4pcqhSuAmpjWXZZHikuLs61%2BJy0ccFBS1Fg%3D%3D&ppt=None&ppn=None&ssid=4irl6ck13k0000001667799730362&qH=2be977f3ff92dd10,2022-11-07 11:12:24.292099+05:30
PFXUZX5V,LG 260 L Frost Free Double Door 2 Star Convertible Refrigerator,26990,36990,27% off,3,0,3.3,"['Smart Inverter Compressor', 'Built-in Stabilizer', '1y Manufacturer Warranty']",https://www.flipkart.com/lg-260-l-frost-free-double-door-2-star-convertible-refrigerator/p/itm338cef1567215?pid=RFRG7284JS4QHZ3Q&lid=LSTRFRG7284JS4QHZ3QZPQ4HM&marketplace=FLIPKART&q=fridge&store=j9e%2Fabm%2Fhzg&srno=s_38_889&otracker=search&otracker1=search&fm=organic&iid=d0cabdba-60d6-40f6-92fc-3dd40f2df124.RFRG7284JS4QHZ3Q.SEARCH&ppt=None&ppn=None&ssid=qawslauk1s0000001667799745685&qH=2be977f3ff92dd10,2022-11-07 11:12:25.643371+05:30
U2YTDODV,Liebherr 220 L Direct Cool Single Door 4 Star Refrigerator,19390,25660,24% off,48,14,4.4,"['Fixed Speed Compressor', 'Built-in Stabilizer', '1 Year Warranty on Product and 10 Years on Compressor']",https://www.flipkart.com/liebherr-220-l-direct-cool-single-door-4-star-refrigerator/p/itmc89b304e8ea2a?pid=RFRG4NVZSANFUE8H&lid=LSTRFRG4NVZSANFUE8HVIFFS9&marketplace=FLIPKART&q=fridge&store=j9e%2Fabm%2Fhzg&srno=s_38_890&otracker=search&otracker1=search&fm=organic&iid=d0cabdba-60d6-40f6-92fc-3dd40f2df124.RFRG4NVZSANFUE8H.SEARCH&ppt=None&ppn=None&ssid=qawslauk1s0000001667799745685&qH=2be977f3ff92dd10,2022-11-07 11:12:26.635178+05:30
XY9668NI,Whirlpool 190 L Direct Cool Single Door 2 Star Refrigerator,12990,15600,16% off,37835,3499,4.3,"['Normal Compressor', 'Built-in Stabilizer', '1 Year on Product and 10 Years on Compressor from Whirlpool']",https://www.flipkart.com/whirlpool-190-l-direct-cool-single-door-2-star-refrigerator/p/itmf6b4c3749b7e4?pid=RFRFZGFAGZUJTXWF&lid=LSTRFRFZGFAGZUJTXWFPDDAKA&marketplace=FLIPKART&q=fridge&store=j9e%2Fabm%2Fhzg&srno=s_38_891&otracker=search&otracker1=search&fm=organic&iid=en_RNSwjuXJLg9DGwPeukZmdd3lo8UzBSa5d3mJPZUDxCd6UR7xZXbDzKwG4gw7zLW8UxBERcvvxLbebUgcQtk5mQ%3D%3D&ppt=None&ppn=None&ssid=qawslauk1s0000001667799745685&qH=2be977f3ff92dd10,2022-11-07 11:12:26.924368+05:30
80PQ7FR1,Whirlpool 190 L Direct Cool Single Door 3 Star Refrigerator with Base Drawer,16340,20450,20% off,820,91,4.3,"['Non Inverter Compressor', 'Built-in Stabilizer', '1 Year on Product and 10 Years on Compressor from Whirlpool']",https://www.flipkart.com/whirlpool-190-l-direct-cool-single-door-3-star-refrigerator-base-drawer/p/itm495a967730b3c?pid=RFRG4XR6ZDXBEMZR&lid=LSTRFRG4XR6ZDXBEMZRXQJ2DZ&marketplace=FLIPKART&q=fridge&store=j9e%2Fabm%2Fhzg&srno=s_38_892&otracker=search&otracker1=search&fm=organic&iid=en_RNSwjuXJLg9DGwPeukZmdd3lo8UzBSa5d3mJPZUDxCdMkrY4eT%2BPIybimpAA2BybCik8178uFvOyLd%2F99yHoOg%3D%3D&ppt=None&ppn=None&ssid=qawslauk1s0000001667799745685&qH=2be977f3ff92dd10,2022-11-07 11:12:27.225412+05:30
J3XQ9T6H,Godrej 190 L Direct Cool Single Door 2 Star Refrigerator with Base Drawer,15999,20990,23% off,0,0,0,"['Reciprocating', '1 Year Comprehensive Warranty and 10 Years on Compressor from Godrej']",https://www.flipkart.com/godrej-190-l-direct-cool-single-door-2-star-refrigerator-base-drawer/p/itmf99f11d7eb5a4?pid=RFRGE78GXGSAJQWM&lid=LSTRFRGE78GXGSAJQWM8MDHPX&marketplace=FLIPKART&q=fridge&store=j9e%2Fabm%2Fhzg&srno=s_38_893&otracker=search&otracker1=search&fm=organic&iid=d0cabdba-60d6-40f6-92fc-3dd40f2df124.RFRGE78GXGSAJQWM.SEARCH&ppt=None&ppn=None&ssid=qawslauk1s0000001667799745685&qH=2be977f3ff92dd10,2022-11-07 11:12:28.011546+05:30
3WCY1ZSB,Hisense 564 L Frost Free Side by Side Inverter Technology Star Refrigerator,61990,74990,17% off,36,4,3.9,"['Inverter Compressor', 'Built-in Stabilizer', '1 Year On Product and 10 Years On Compressor From Hisense']",https://www.flipkart.com/hisense-564-l-frost-free-side-inverter-technology-star-refrigerator/p/itm930389a096cd9?pid=RFRG6DTADFZGMZW4&lid=LSTRFRG6DTADFZGMZW4SW4MUB&marketplace=FLIPKART&q=fridge&store=j9e%2Fabm%2Fhzg&srno=s_38_894&otracker=search&otracker1=search&fm=organic&iid=d0cabdba-60d6-40f6-92fc-3dd40f2df124.RFRG6DTADFZGMZW4.SEARCH&ppt=None&ppn=None&ssid=qawslauk1s0000001667799745685&qH=2be977f3ff92dd10,2022-11-07 11:12:28.391344+05:30
28YC5ITR,Haier 262 L Direct Cool Single Door 3 Star Refrigerator,22350,32900,32% off,25,5,4.6,"['Inverter Compressor', 'Built-in Stabilizer', '1 Year Warranty on Product and 10 Years on Compressor']",https://www.flipkart.com/haier-262-l-direct-cool-single-door-3-star-refrigerator/p/itm9536be74501bc?pid=RFRGAYKFNJYMSD96&lid=LSTRFRGAYKFNJYMSD96H7YHJC&marketplace=FLIPKART&q=fridge&store=j9e%2Fabm%2Fhzg&srno=s_38_895&otracker=search&otracker1=search&fm=organic&iid=d0cabdba-60d6-40f6-92fc-3dd40f2df124.RFRGAYKFNJYMSD96.SEARCH&ppt=None&ppn=None&ssid=qawslauk1s0000001667799745685&qH=2be977f3ff92dd10,2022-11-07 11:12:29.199132+05:30
T2YG6POR,SAMSUNG 478 L Frost Free Double Door 2 Star Refrigerator,55600,70000,20% off,26,1,4.2,"['Digital Inverter Compressor', 'Built-in Stabilizer', '1 Year Warranty on Product and 10 Years Warranty on Compressor from Samsung']",https://www.flipkart.com/samsung-478-l-frost-free-double-door-2-star-refrigerator/p/itm45d7869d4bb15?pid=RFRER7WVKTQGYKZJ&lid=LSTRFRER7WVKTQGYKZJ2LSFKS&marketplace=FLIPKART&q=fridge&store=j9e%2Fabm%2Fhzg&srno=s_38_896&otracker=search&otracker1=search&fm=organic&iid=d0cabdba-60d6-40f6-92fc-3dd40f2df124.RFRER7WVKTQGYKZJ.SEARCH&ppt=None&ppn=None&ssid=qawslauk1s0000001667799745685&qH=2be977f3ff92dd10,2022-11-07 11:12:30.000444+05:30
BL82CLFY,Whirlpool 190 L Direct Cool Single Door 2 Star Refrigerator,13540,15900,14% off,37835,3499,4.3,"['Normal Compressor', 'Built-in Stabilizer', '1 Year on Product and 10 Years on Compressor from Whirlpool']",https://www.flipkart.com/whirlpool-190-l-direct-cool-single-door-2-star-refrigerator/p/itm23de1846cafca?pid=RFRFZGFANZJHN6SB&lid=LSTRFRFZGFANZJHN6SBRJ24IH&marketplace=FLIPKART&q=fridge&store=j9e%2Fabm%2Fhzg&srno=s_38_897&otracker=search&otracker1=search&fm=organic&iid=en_RNSwjuXJLg9DGwPeukZmdd3lo8UzBSa5d3mJPZUDxCfJOW2siOSpbHezczeR3cikfG1q4G8NhosLJpsjXdZLzg%3D%3D&ppt=None&ppn=None&ssid=qawslauk1s0000001667799745685&qH=2be977f3ff92dd10,2022-11-07 11:12:30.314027+05:30
M3EMUORR,Whirlpool 190 L Direct Cool Single Door 3 Star Refrigerator with Base Drawer,16340,19500,16% off,444,34,4.3,"['Non Inverter Compressor', 'Built-in Stabilizer', '1 Year on Product and 10 Years on Compressor from Whirlpool']",https://www.flipkart.com/whirlpool-190-l-direct-cool-single-door-3-star-refrigerator-base-drawer/p/itmd625ad7498750?pid=RFRG4XR6FXK3XANH&lid=LSTRFRG4XR6FXK3XANH2QMZGI&marketplace=FLIPKART&q=fridge&store=j9e%2Fabm%2Fhzg&srno=s_38_898&otracker=search&otracker1=search&fm=organic&iid=en_RNSwjuXJLg9DGwPeukZmdd3lo8UzBSa5d3mJPZUDxCcij0gW9XReG97stdK3p%2BRiMGzOfXGzGk9IKwrcXp9P4A%3D%3D&ppt=None&ppn=None&ssid=qawslauk1s0000001667799745685&qH=2be977f3ff92dd10,2022-11-07 11:12:30.615184+05:30
SKIWX2LA,SAMSUNG 579 L Frost Free French Door Bottom Mount Convertible Refrigerator,90990,95990,5% off,0,0,0,"['Digital Inverter Compressor', 'Built-in Stabilizer', '1 Year Warranty on Product and 10 Years on Digital Inverter Compressor from Samsung']",https://www.flipkart.com/samsung-579-l-frost-free-french-door-bottom-mount-convertible-refrigerator/p/itm6b50d79db752b?pid=RFRG6HA4RFJZVSDD&lid=LSTRFRG6HA4RFJZVSDDMTCHFZ&marketplace=FLIPKART&q=fridge&store=j9e%2Fabm%2Fhzg&srno=s_38_899&otracker=search&otracker1=search&fm=organic&iid=d0cabdba-60d6-40f6-92fc-3dd40f2df124.RFRG6HA4RFJZVSDD.SEARCH&ppt=None&ppn=None&ssid=qawslauk1s0000001667799745685&qH=2be977f3ff92dd10,2022-11-07 11:12:31.589781+05:30
P04HIRMS,Godrej 200 L Direct Cool Single Door 3 Star Convertible Refrigerator,17290,20000,13% off,20,1,4.1,"['Inverter Compressor', 'Built-in Stabilizer', '1 Year Warranty on product and 10 Years Warranty on Compressor from Godrej']",https://www.flipkart.com/godrej-200-l-direct-cool-single-door-3-star-convertible-refrigerator/p/itm2115c889980e8?pid=RFRFSXKDNJTBEBEH&lid=LSTRFRFSXKDNJTBEBEHOUHC3Q&marketplace=FLIPKART&q=fridge&store=j9e%2Fabm%2Fhzg&srno=s_38_900&otracker=search&otracker1=search&fm=organic&iid=d0cabdba-60d6-40f6-92fc-3dd40f2df124.RFRFSXKDNJTBEBEH.SEARCH&ppt=None&ppn=None&ssid=qawslauk1s0000001667799745685&qH=2be977f3ff92dd10,2022-11-07 11:12:32.286412+05:30
GWRNV6BP,Whirlpool 190 L Direct Cool Single Door 2 Star Refrigerator,13540,16500,17% off,37835,3499,4.3,"['Normal Compressor', 'Built-in Stabilizer', '1 Year on Product and 10 Years on Compressor from Whirlpool']",https://www.flipkart.com/whirlpool-190-l-direct-cool-single-door-2-star-refrigerator/p/itm823c53fcf0200?pid=RFRFZGFADYS3UTBG&lid=LSTRFRFZGFADYS3UTBGFVSNUE&marketplace=FLIPKART&q=fridge&store=j9e%2Fabm%2Fhzg&srno=s_38_901&otracker=search&otracker1=search&fm=organic&iid=en_RNSwjuXJLg9DGwPeukZmdd3lo8UzBSa5d3mJPZUDxCdkimI483qPBgfSzb1O7gfc6VmDAgCf6DMckC1h3ZnRZg%3D%3D&ppt=None&ppn=None&ssid=qawslauk1s0000001667799745685&qH=2be977f3ff92dd10,2022-11-07 11:12:32.581607+05:30
4CL9GL49,Whirlpool 190 L Direct Cool Single Door 3 Star Refrigerator,15340,18000,14% off,622,47,4.3,"['Non Inverter Compressor', 'Built-in Stabilizer', '1 Year on Product and 10 Years on Compressor from Whirlpool']",https://www.flipkart.com/whirlpool-190-l-direct-cool-single-door-3-star-refrigerator/p/itmc4870feb17803?pid=RFRG4XR689KTY9QT&lid=LSTRFRG4XR689KTY9QTJUWMVD&marketplace=FLIPKART&q=fridge&store=j9e%2Fabm%2Fhzg&srno=s_38_902&otracker=search&otracker1=search&fm=organic&iid=en_RNSwjuXJLg9DGwPeukZmdd3lo8UzBSa5d3mJPZUDxCfqzja1WqnLLboA%2BSdMZx3TSnPWXWX2eFur1r0QMwaKtQ%3D%3D&ppt=None&ppn=None&ssid=qawslauk1s0000001667799745685&qH=2be977f3ff92dd10,2022-11-07 11:12:32.906355+05:30
L1H42IZY,Godrej 251 L Direct Cool Single Door 3 Star Refrigerator,19980,20595,2% off,29,4,3.9,"['Reciprocatory Compressor', 'Built-in Stabilizer', '1 Year Warranty on Product and 10 Years Warranty on Compressor from Godrej']",https://www.flipkart.com/godrej-251-l-direct-cool-single-door-3-star-refrigerator/p/itm29ad48ff39c83?pid=RFRFVSZJHC3H7XGM&lid=LSTRFRFVSZJHC3H7XGMKU6W48&marketplace=FLIPKART&q=fridge&store=j9e%2Fabm%2Fhzg&srno=s_38_903&otracker=search&otracker1=search&fm=organic&iid=d0cabdba-60d6-40f6-92fc-3dd40f2df124.RFRFVSZJHC3H7XGM.SEARCH&ppt=None&ppn=None&ssid=qawslauk1s0000001667799745685&qH=2be977f3ff92dd10,2022-11-07 11:12:33.710421+05:30
J4WIWBH9,Haier 278 L Frost Free Double Door 3 Star Refrigerator,26350,35500,25% off,4,0,3,"['Inverter', 'Built-in Stabilizer', '1 Year Warranty on Product and 10 Years on Compressor From Haier']",https://www.flipkart.com/haier-278-l-frost-free-double-door-3-star-refrigerator/p/itmd4ad0fe7c363c?pid=RFRFRHZZCFFSBFUY&lid=LSTRFRFRHZZCFFSBFUYTWYA0M&marketplace=FLIPKART&q=fridge&store=j9e%2Fabm%2Fhzg&srno=s_38_904&otracker=search&otracker1=search&fm=organic&iid=d0cabdba-60d6-40f6-92fc-3dd40f2df124.RFRFRHZZCFFSBFUY.SEARCH&ppt=None&ppn=None&ssid=qawslauk1s0000001667799745685&qH=2be977f3ff92dd10,2022-11-07 11:12:34.517689+05:30
C57MKXS4,SAMSUNG 415 L Frost Free Double Door 3 Star Refrigerator,50900,62000,17% off,0,0,0,"['Digital Inverter', '1 Year on Product and 10 Years on Compressor from Samsung']",https://www.flipkart.com/samsung-415-l-frost-free-double-door-3-star-refrigerator/p/itm4c1d537ee4ff1?pid=RFRFVY3XBSVSZU7J&lid=LSTRFRFVY3XBSVSZU7JAV8NGG&marketplace=FLIPKART&q=fridge&store=j9e%2Fabm%2Fhzg&srno=s_38_905&otracker=search&otracker1=search&fm=organic&iid=d0cabdba-60d6-40f6-92fc-3dd40f2df124.RFRFVY3XBSVSZU7J.SEARCH&ppt=None&ppn=None&ssid=qawslauk1s0000001667799745685&qH=2be977f3ff92dd10,2022-11-07 11:12:34.831489+05:30
5K9HJOEE,Godrej 190 L Direct Cool Single Door 2 Star Refrigerator with Base Drawer,15999,20990,23% off,0,0,0,"['Reciprocating', '1 Year Comprehensive Warranty and 10 Years on Compressor from Godrej']",https://www.flipkart.com/godrej-190-l-direct-cool-single-door-2-star-refrigerator-base-drawer/p/itm715f5a86efe6c?pid=RFRGE78GUSEZHWE2&lid=LSTRFRGE78GUSEZHWE22PRTM0&marketplace=FLIPKART&q=fridge&store=j9e%2Fabm%2Fhzg&srno=s_38_906&otracker=search&otracker1=search&fm=organic&iid=d0cabdba-60d6-40f6-92fc-3dd40f2df124.RFRGE78GUSEZHWE2.SEARCH&ppt=None&ppn=None&ssid=qawslauk1s0000001667799745685&qH=2be977f3ff92dd10,2022-11-07 11:12:35.635334+05:30
5A70D7LE,Whirlpool 190 L Direct Cool Single Door 3 Star Refrigerator,15340,17600,12% off,1327,122,4.2,"['Non Inverter Compressor', 'Built-in Stabilizer', '1 Year on Product and 10 Years on Compressor from Whirlpool']",https://www.flipkart.com/whirlpool-190-l-direct-cool-single-door-3-star-refrigerator/p/itm600cc6ce9ae49?pid=RFRG4XR6QNSM6X5H&lid=LSTRFRG4XR6QNSM6X5HUWM1ZO&marketplace=FLIPKART&q=fridge&store=j9e%2Fabm%2Fhzg&srno=s_38_907&otracker=search&otracker1=search&fm=organic&iid=en_RNSwjuXJLg9DGwPeukZmdd3lo8UzBSa5d3mJPZUDxCd3HAVQQ3Tp85RkNoeIs4%2Bb3RgyFZzsE5Uq1sCzOjbMWg%3D%3D&ppt=None&ppn=None&ssid=qawslauk1s0000001667799745685&qH=2be977f3ff92dd10,2022-11-07 11:12:35.954337+05:30
SL4USFC8,Whirlpool 190 L Direct Cool Single Door 3 Star Refrigerator,14640,17000,13% off,37835,3499,4.3,"['Normal Compressor', 'Built-in Stabilizer', '1 Year on Product and 10 Years on Compressor from Whirlpool']",https://www.flipkart.com/whirlpool-190-l-direct-cool-single-door-3-star-refrigerator/p/itmafa0a476dffe1?pid=RFRFZGFAHQ7VQXZF&lid=LSTRFRFZGFAHQ7VQXZFLUB4OV&marketplace=FLIPKART&q=fridge&store=j9e%2Fabm%2Fhzg&srno=s_38_908&otracker=search&otracker1=search&fm=organic&iid=en_RNSwjuXJLg9DGwPeukZmdd3lo8UzBSa5d3mJPZUDxCfNJ%2BSWn0xMXqIkS%2BJr2JQ59id%2Byr2a%2Frjl%2FtNWn3LZxQ%3D%3D&ppt=None&ppn=None&ssid=qawslauk1s0000001667799745685&qH=2be977f3ff92dd10,2022-11-07 11:12:36.245724+05:30
X0OEY7NM,LG 215 L Direct Cool Single Door 4 Star Refrigerator,18490,19990,7% off,8807,997,4.4,"['Smart Inverter Compressor', 'Built-in Stabilizer', '1 Year Warranty on Unit and 10 Years Warranty on Compressor from LG']",https://www.flipkart.com/lg-215-l-direct-cool-single-door-4-star-refrigerator/p/itmeb5e908dea33a?pid=RFRFDG2CDCYZGKGQ&lid=LSTRFRFDG2CDCYZGKGQYOPJQX&marketplace=FLIPKART&q=fridge&store=j9e%2Fabm%2Fhzg&srno=s_38_909&otracker=search&otracker1=search&fm=organic&iid=d0cabdba-60d6-40f6-92fc-3dd40f2df124.RFRFDG2CDCYZGKGQ.SEARCH&ppt=None&ppn=None&ssid=qawslauk1s0000001667799745685&qH=2be977f3ff92dd10,2022-11-07 11:12:37.404653+05:30
2UKHWEPD,LG 408 L Frost Free Double Door Top Mount 3 Star Convertible Refrigerator,63999,63999,0,0,0,0,"['Smart Inverter Compressor', 'Built-in Stabilizer', '1 Year on Product and 10 Years on Compressor From LG']",https://www.flipkart.com/lg-408-l-frost-free-double-door-top-mount-3-star-convertible-refrigerator/p/itm12c12d7dd3ab5?pid=RFRGG46SQGM5B3FZ&lid=LSTRFRGG46SQGM5B3FZEHZ4MV&marketplace=FLIPKART&q=fridge&store=j9e%2Fabm%2Fhzg&srno=s_38_910&otracker=search&otracker1=search&fm=organic&iid=d0cabdba-60d6-40f6-92fc-3dd40f2df124.RFRGG46SQGM5B3FZ.SEARCH&ppt=None&ppn=None&ssid=qawslauk1s0000001667799745685&qH=2be977f3ff92dd10,2022-11-07 11:12:37.749213+05:30
U67P3GFL,Whirlpool 190 L Direct Cool Single Door 3 Star Refrigerator,14640,18700,21% off,37835,3499,4.3,"['Normal Compressor', 'Built-in Stabilizer', '1 Year on Product and 10 Years on Compressor from Whirlpool']",https://www.flipkart.com/whirlpool-190-l-direct-cool-single-door-3-star-refrigerator/p/itm94a1658747a65?pid=RFRFZGFAFJAANRWP&lid=LSTRFRFZGFAFJAANRWPKN0PYK&marketplace=FLIPKART&q=fridge&store=j9e%2Fabm%2Fhzg&srno=s_38_911&otracker=search&otracker1=search&fm=organic&iid=en_RNSwjuXJLg9DGwPeukZmdd3lo8UzBSa5d3mJPZUDxCebgQdSdTSANziVNIDIASlDQ99ZbiOJ%2Bg96C1A41aEjrQ%3D%3D&ppt=None&ppn=None&ssid=qawslauk1s0000001667799745685&qH=2be977f3ff92dd10,2022-11-07 11:12:38.051178+05:30
I74V3988,Whirlpool 190 L Direct Cool Single Door 3 Star Refrigerator,14000,18700,25% off,37835,3499,4.3,"['Normal Compressor', 'Built-in Stabilizer', '1 Year on Product and 10 Years on Compressor from Whirlpool']",https://www.flipkart.com/whirlpool-190-l-direct-cool-single-door-3-star-refrigerator/p/itmf8e85786b09ef?pid=RFRFZGFAMXNUREWN&lid=LSTRFRFZGFAMXNUREWN3V8KEL&marketplace=FLIPKART&q=fridge&store=j9e%2Fabm%2Fhzg&srno=s_38_912&otracker=search&otracker1=search&fm=organic&iid=en_RNSwjuXJLg9DGwPeukZmdd3lo8UzBSa5d3mJPZUDxCex2Jg3YdcxnowahrCIi15rMS96o%2BR53YD60lqIk4fxYw%3D%3D&ppt=None&ppn=None&ssid=qawslauk1s0000001667799745685&qH=2be977f3ff92dd10,2022-11-07 11:12:38.343180+05:30
ESO4BL7U,Haier 235 L Frost Free Double Door 3 Star Refrigerator,26690,34550,22% off,3,0,4,"['Reciprocating Compressor', 'Built-in Stabilizer', '1 Year Warranty on Product and 10 Years on Compressor From Haier']",https://www.flipkart.com/haier-235-l-frost-free-double-door-3-star-refrigerator/p/itm46d14a27cf646?pid=RFRFRHZZ7QTS7835&lid=LSTRFRFRHZZ7QTS7835CKXATI&marketplace=FLIPKART&q=fridge&store=j9e%2Fabm%2Fhzg&srno=s_39_913&otracker=search&otracker1=search&fm=organic&iid=18562cce-c601-4ada-957b-b49e1d298522.RFRFRHZZ7QTS7835.SEARCH&ppt=None&ppn=None&ssid=q0lo75e4y80000001667799759399&qH=2be977f3ff92dd10,2022-11-07 11:12:39.862107+05:30
283AO3ZX,SAMSUNG 580 L Frost Free French Door Bottom Mount Convertible Refrigerator,75990,92353,17% off,0,0,0,"['Digital Inverter Compressor', 'Built-in Stabilizer', '1 Year Warranty on Product and 10 Years on Digital Inverter Compressor from Samsung']",https://www.flipkart.com/samsung-580-l-frost-free-french-door-bottom-mount-convertible-refrigerator/p/itmdc1a8e0c6907f?pid=RFRG6HA4MYJCZZNW&lid=LSTRFRG6HA4MYJCZZNWYPXMIB&marketplace=FLIPKART&q=fridge&store=j9e%2Fabm%2Fhzg&srno=s_39_914&otracker=search&otracker1=search&fm=organic&iid=18562cce-c601-4ada-957b-b49e1d298522.RFRG6HA4MYJCZZNW.SEARCH&ppt=None&ppn=None&ssid=q0lo75e4y80000001667799759399&qH=2be977f3ff92dd10,2022-11-07 11:12:40.407271+05:30
3K30DOO2,Godrej 430 L Frost Free Double Door Bottom Mount 3 Star Refrigerator,49990,69400,27% off,0,0,0,"['Intelligent Inverter Compressor', 'Built-in Stabilizer', '1 Year Warranty on Product and 10 Years on Compressor']",https://www.flipkart.com/godrej-430-l-frost-free-double-door-bottom-mount-3-star-refrigerator/p/itmeb3d7ad464d1d?pid=RFRFM3UJ7HZJZ3GS&lid=LSTRFRFM3UJ7HZJZ3GSJIA0NO&marketplace=FLIPKART&q=fridge&store=j9e%2Fabm%2Fhzg&srno=s_39_915&otracker=search&otracker1=search&fm=organic&iid=18562cce-c601-4ada-957b-b49e1d298522.RFRFM3UJ7HZJZ3GS.SEARCH&ppt=None&ppn=None&ssid=q0lo75e4y80000001667799759399&qH=2be977f3ff92dd10,2022-11-07 11:12:40.818003+05:30
T2PLKK9V,Godrej 190 L Direct Cool Single Door 3 Star Refrigerator,17599,22790,22% off,0,0,0,"['Reciprocating', '1 Year Comprehensive Warranty and 10 Years on Compressor from Godrej']",https://www.flipkart.com/godrej-190-l-direct-cool-single-door-3-star-refrigerator/p/itm8fba1752d1838?pid=RFRFZBEE5QARPDZK&lid=LSTRFRFZBEE5QARPDZKYW3HVA&marketplace=FLIPKART&q=fridge&store=j9e%2Fabm%2Fhzg&srno=s_39_916&otracker=search&otracker1=search&fm=organic&iid=18562cce-c601-4ada-957b-b49e1d298522.RFRFZBEE5QARPDZK.SEARCH&ppt=None&ppn=None&ssid=q0lo75e4y80000001667799759399&qH=2be977f3ff92dd10,2022-11-07 11:12:41.579188+05:30
0UFSX6CY,Whirlpool 190 L Direct Cool Single Door 2 Star Refrigerator,12990,15600,16% off,37835,3499,4.3,"['Normal Compressor', 'Built-in Stabilizer', '1 Year on Product and 10 Years on Compressor from Whirlpool']",https://www.flipkart.com/whirlpool-190-l-direct-cool-single-door-2-star-refrigerator/p/itmf6b4c3749b7e4?pid=RFRFZGFAGZUJTXWF&lid=LSTRFRFZGFAGZUJTXWFPDDAKA&marketplace=FLIPKART&q=fridge&store=j9e%2Fabm%2Fhzg&srno=s_39_917&otracker=search&otracker1=search&fm=organic&iid=en_B3wTuUkerxxy9V9Rj6iQ8EFajd9op2l66fT9gatrRYgZnbLiK4w8%2FUo00Yb9tAZZUxBERcvvxLbebUgcQtk5mQ%3D%3D&ppt=None&ppn=None&ssid=q0lo75e4y80000001667799759399&qH=2be977f3ff92dd10,2022-11-07 11:12:41.865206+05:30
JYVLV86P,Whirlpool 240 L Frost Free Triple Door Refrigerator,27990,33250,15% off,30897,3819,4.4,"['Normal Compressor', 'Built-in Stabilizer', '1 Year Warranty on Product and 10 Years Warranty on Compressor from Whirlpool']",https://www.flipkart.com/whirlpool-240-l-frost-free-triple-door-refrigerator/p/itmf7z5vhfcxysvp?pid=RFRF3HZZZYTNKSCU&lid=LSTRFRF3HZZZYTNKSCUCOA9SO&marketplace=FLIPKART&q=fridge&store=j9e%2Fabm%2Fhzg&srno=s_39_918&otracker=search&otracker1=search&fm=organic&iid=en_B3wTuUkerxxy9V9Rj6iQ8EFajd9op2l66fT9gatrRYiI8wX1KPEZ1pq3qTQtxvFY7Rfr5RUYhX0WhJqwxOQvSg%3D%3D&ppt=None&ppn=None&ssid=q0lo75e4y80000001667799759399&qH=2be977f3ff92dd10,2022-11-07 11:12:42.197148+05:30
6V195LET,Godrej 251 L Direct Cool Single Door 3 Star Refrigerator,21999,23500,6% off,5,1,3,"['Reciprocatory Compressor', 'Built-in Stabilizer', '1 Year Warranty on Product and 10 Years Warranty on Compressor from Godrej']",https://www.flipkart.com/godrej-251-l-direct-cool-single-door-3-star-refrigerator/p/itm29ad48ff39c83?pid=RFRFVSZJFQ7RSG9V&lid=LSTRFRFVSZJFQ7RSG9VKUXP3D&marketplace=FLIPKART&q=fridge&store=j9e%2Fabm%2Fhzg&srno=s_39_919&otracker=search&otracker1=search&fm=organic&iid=18562cce-c601-4ada-957b-b49e1d298522.RFRFVSZJFQ7RSG9V.SEARCH&ppt=None&ppn=None&ssid=q0lo75e4y80000001667799759399&qH=2be977f3ff92dd10,2022-11-07 11:12:42.980352+05:30
U0LD02VH,Godrej 190 L Direct Cool Single Door 2 Star Refrigerator,16039,20140,20% off,0,0,0,"['The refrigerator comes with reciprocatory compressor that is ideal for optimum cooling', 'Built-in Stabilizer', '1 Year Warranty on Product and 10 Years on Compressor from Godrej']",https://www.flipkart.com/godrej-190-l-direct-cool-single-door-2-star-refrigerator/p/itm21fd31c9704bc?pid=RFRGHJ42JBYSDP6H&lid=LSTRFRGHJ42JBYSDP6HUWT54G&marketplace=FLIPKART&q=fridge&store=j9e%2Fabm%2Fhzg&srno=s_39_920&otracker=search&otracker1=search&fm=organic&iid=18562cce-c601-4ada-957b-b49e1d298522.RFRGHJ42JBYSDP6H.SEARCH&ppt=None&ppn=None&ssid=q0lo75e4y80000001667799759399&qH=2be977f3ff92dd10,2022-11-07 11:12:43.703398+05:30
YD6N0NY4,Whirlpool 190 L Direct Cool Single Door 3 Star Refrigerator with Base Drawer,16340,20450,20% off,820,91,4.3,"['Non Inverter Compressor', 'Built-in Stabilizer', '1 Year on Product and 10 Years on Compressor from Whirlpool']",https://www.flipkart.com/whirlpool-190-l-direct-cool-single-door-3-star-refrigerator-base-drawer/p/itm495a967730b3c?pid=RFRG4XR6ZDXBEMZR&lid=LSTRFRG4XR6ZDXBEMZRXQJ2DZ&marketplace=FLIPKART&q=fridge&store=j9e%2Fabm%2Fhzg&srno=s_39_921&otracker=search&otracker1=search&fm=organic&iid=en_B3wTuUkerxxy9V9Rj6iQ8EFajd9op2l66fT9gatrRYj83%2FXeKLpV%2BHJvcQhhjAxjCik8178uFvOyLd%2F99yHoOg%3D%3D&ppt=None&ppn=None&ssid=q0lo75e4y80000001667799759399&qH=2be977f3ff92dd10,2022-11-07 11:12:44.008116+05:30
X8NWEE68,Whirlpool 190 L Direct Cool Single Door 2 Star Refrigerator,13540,15900,14% off,37835,3499,4.3,"['Normal Compressor', 'Built-in Stabilizer', '1 Year on Product and 10 Years on Compressor from Whirlpool']",https://www.flipkart.com/whirlpool-190-l-direct-cool-single-door-2-star-refrigerator/p/itm23de1846cafca?pid=RFRFZGFANZJHN6SB&lid=LSTRFRFZGFANZJHN6SBRJ24IH&marketplace=FLIPKART&q=fridge&store=j9e%2Fabm%2Fhzg&srno=s_39_922&otracker=search&otracker1=search&fm=organic&iid=en_B3wTuUkerxxy9V9Rj6iQ8EFajd9op2l66fT9gatrRYjSRkZvNsZK9KMlINEJxwQkfG1q4G8NhosLJpsjXdZLzg%3D%3D&ppt=None&ppn=None&ssid=q0lo75e4y80000001667799759399&qH=2be977f3ff92dd10,2022-11-07 11:12:44.322099+05:30
JPHXU1BP,SAMSUNG 220 L Direct Cool Single Door 4 Star Refrigerator,24030,26990,10% off,3,1,5,"['Digital Inverter Compressor', 'Built-in Stabilizer', '1 Year Warranty on Product and 10 Years on Compressor from Samsung']",https://www.flipkart.com/samsung-220-l-direct-cool-single-door-4-star-refrigerator/p/itm94f55db9ca17a?pid=RFRG49A7XGYXGN9T&lid=LSTRFRG49A7XGYXGN9TTCJIH6&marketplace=FLIPKART&q=fridge&store=j9e%2Fabm%2Fhzg&srno=s_39_923&otracker=search&otracker1=search&fm=organic&iid=18562cce-c601-4ada-957b-b49e1d298522.RFRG49A7XGYXGN9T.SEARCH&ppt=None&ppn=None&ssid=q0lo75e4y80000001667799759399&qH=2be977f3ff92dd10,2022-11-07 11:12:45.208519+05:30
OZNPV1MU,SAMSUNG 314 L Frost Free Double Door 2 Star Refrigerator  with Curd Maestro,39200,44990,12% off,4,2,3,"['Digital Inverter Compressor', 'Built-in Stabilizer', '1 Year Warranty on Product and 10 Years on Compressor']",https://www.flipkart.com/samsung-314-l-frost-free-double-door-2-star-refrigerator-curd-maestro/p/itme0bb694769f8b?pid=RFRFZGJCZPGPFPWF&lid=LSTRFRFZGJCZPGPFPWFRVHUYJ&marketplace=FLIPKART&q=fridge&store=j9e%2Fabm%2Fhzg&srno=s_39_924&otracker=search&otracker1=search&fm=organic&iid=18562cce-c601-4ada-957b-b49e1d298522.RFRFZGJCZPGPFPWF.SEARCH&ppt=None&ppn=None&ssid=q0lo75e4y80000001667799759399&qH=2be977f3ff92dd10,2022-11-07 11:12:46.136773+05:30
WLE6GY4T,SAMSUNG 314 L Frost Free Double Door 2 Star Convertible Refrigerator,42440,43990,3% off,0,0,0,"['Digital Inverter Technology', 'Built-in Stabilizer', '1 y Manufacturer Warranty']",https://www.flipkart.com/samsung-314-l-frost-free-double-door-2-star-convertible-refrigerator/p/itm1911e980cec9b?pid=RFRG72CVGVBTSEQU&lid=LSTRFRG72CVGVBTSEQU6S1MW1&marketplace=FLIPKART&q=fridge&store=j9e%2Fabm%2Fhzg&srno=s_39_925&otracker=search&otracker1=search&fm=organic&iid=18562cce-c601-4ada-957b-b49e1d298522.RFRG72CVGVBTSEQU.SEARCH&ppt=None&ppn=None&ssid=q0lo75e4y80000001667799759399&qH=2be977f3ff92dd10,2022-11-07 11:12:46.928014+05:30
VLPE0DRA,Godrej 190 L Direct Cool Single Door 2 Star Refrigerator,13990,16500,15% off,11,0,4.3,"['Equipped with a normal compressor', 'Built-in Stabilizer', '1 Year Warranty on product and 10 Years Warranty on Compressor from Godrej']",https://www.flipkart.com/godrej-190-l-direct-cool-single-door-2-star-refrigerator/p/itm092ae5af540ce?pid=RFRFZBEET4YEMMAB&lid=LSTRFRFZBEET4YEMMABNRBCI5&marketplace=FLIPKART&q=fridge&store=j9e%2Fabm%2Fhzg&srno=s_39_926&otracker=search&otracker1=search&fm=organic&iid=18562cce-c601-4ada-957b-b49e1d298522.RFRFZBEET4YEMMAB.SEARCH&ppt=None&ppn=None&ssid=q0lo75e4y80000001667799759399&qH=2be977f3ff92dd10,2022-11-07 11:12:47.828368+05:30
HIJD73J5,Whirlpool 300 L Frost Free Triple Door Refrigerator,34390,43950,21% off,30897,3819,4.4,"['Normal Compressor', 'Built-in Stabilizer', '1 Year Warranty on Product and 10 Years on Compressor From Whirlpool']",https://www.flipkart.com/whirlpool-300-l-frost-free-triple-door-refrigerator/p/itmexbvqq3h9zyz2?pid=RFRDZEQ7FYQ5QTSN&lid=LSTRFRDZEQ7FYQ5QTSNHFAVDN&marketplace=FLIPKART&q=fridge&store=j9e%2Fabm%2Fhzg&srno=s_39_927&otracker=search&otracker1=search&fm=organic&iid=en_B3wTuUkerxxy9V9Rj6iQ8EFajd9op2l66fT9gatrRYjEgo2AwCuc%2FVN2XVD1G5YkDo5XXw04e34i8rC9wk%2FwUA%3D%3D&ppt=None&ppn=None&ssid=q0lo75e4y80000001667799759399&qH=2be977f3ff92dd10,2022-11-07 11:12:48.119153+05:30
PKTJ54QL,Whirlpool 190 L Direct Cool Single Door 3 Star Refrigerator with Base Drawer,16340,19500,16% off,444,34,4.3,"['Non Inverter Compressor', 'Built-in Stabilizer', '1 Year on Product and 10 Years on Compressor from Whirlpool']",https://www.flipkart.com/whirlpool-190-l-direct-cool-single-door-3-star-refrigerator-base-drawer/p/itmd625ad7498750?pid=RFRG4XR6FXK3XANH&lid=LSTRFRG4XR6FXK3XANH2QMZGI&marketplace=FLIPKART&q=fridge&store=j9e%2Fabm%2Fhzg&srno=s_39_928&otracker=search&otracker1=search&fm=organic&iid=en_B3wTuUkerxxy9V9Rj6iQ8EFajd9op2l66fT9gatrRYhqi1D43HhpPrWLwPPdSDC5MGzOfXGzGk9IKwrcXp9P4A%3D%3D&ppt=None&ppn=None&ssid=q0lo75e4y80000001667799759399&qH=2be977f3ff92dd10,2022-11-07 11:12:48.411149+05:30
DTW586CE,LG 185 L Direct Cool Single Door 1 Star Refrigerator,14390,14390,0,8,0,4.3,"['Smart Inverter', 'Built-in Stabilizer', '1 Year Warranty on Unit and 10 Years Warranty on Compressor from LG']",https://www.flipkart.com/lg-185-l-direct-cool-single-door-1-star-refrigerator/p/itm7f57887fc61d1?pid=RFRFEEEKC7DSKEJA&lid=LSTRFRFEEEKC7DSKEJA0GPB20&marketplace=FLIPKART&q=fridge&store=j9e%2Fabm%2Fhzg&srno=s_39_929&otracker=search&otracker1=search&fm=organic&iid=18562cce-c601-4ada-957b-b49e1d298522.RFRFEEEKC7DSKEJA.SEARCH&ppt=None&ppn=None&ssid=q0lo75e4y80000001667799759399&qH=2be977f3ff92dd10,2022-11-07 11:12:49.214984+05:30
W5QQK6GU,LG 284 L Direct Cool Double Door 2 Star Convertible Refrigerator,34728,41590,16% off,4,1,3,"['Smart Inverter Compressor', 'Built-in Stabilizer', '1 Year Warranty on Product and 10 Years on Compressor from LG']",https://www.flipkart.com/lg-284-l-direct-cool-double-door-2-star-convertible-refrigerator/p/itm6f6e9dcabe854?pid=RFRFPHH7ZGFHRRDT&lid=LSTRFRFPHH7ZGFHRRDT9LS1YH&marketplace=FLIPKART&q=fridge&store=j9e%2Fabm%2Fhzg&srno=s_39_930&otracker=search&otracker1=search&fm=organic&iid=18562cce-c601-4ada-957b-b49e1d298522.RFRFPHH7ZGFHRRDT.SEARCH&ppt=None&ppn=None&ssid=q0lo75e4y80000001667799759399&qH=2be977f3ff92dd10,2022-11-07 11:12:49.508018+05:30
8VDCFOEW,Whirlpool 190 L Direct Cool Single Door 2 Star Refrigerator,13540,16500,17% off,37835,3499,4.3,"['Normal Compressor', 'Built-in Stabilizer', '1 Year on Product and 10 Years on Compressor from Whirlpool']",https://www.flipkart.com/whirlpool-190-l-direct-cool-single-door-2-star-refrigerator/p/itm823c53fcf0200?pid=RFRFZGFADYS3UTBG&lid=LSTRFRFZGFADYS3UTBGFVSNUE&marketplace=FLIPKART&q=fridge&store=j9e%2Fabm%2Fhzg&srno=s_39_931&otracker=search&otracker1=search&fm=organic&iid=en_B3wTuUkerxxy9V9Rj6iQ8EFajd9op2l66fT9gatrRYh4mrQcwTRAW0g0fy8RzWxl6VmDAgCf6DMckC1h3ZnRZg%3D%3D&ppt=None&ppn=None&ssid=q0lo75e4y80000001667799759399&qH=2be977f3ff92dd10,2022-11-07 11:12:49.854894+05:30
JOFZTWCJ,Whirlpool 190 L Direct Cool Single Door 3 Star Refrigerator,15340,18000,14% off,622,47,4.3,"['Non Inverter Compressor', 'Built-in Stabilizer', '1 Year on Product and 10 Years on Compressor from Whirlpool']",https://www.flipkart.com/whirlpool-190-l-direct-cool-single-door-3-star-refrigerator/p/itmc4870feb17803?pid=RFRG4XR689KTY9QT&lid=LSTRFRG4XR689KTY9QTJUWMVD&marketplace=FLIPKART&q=fridge&store=j9e%2Fabm%2Fhzg&srno=s_39_932&otracker=search&otracker1=search&fm=organic&iid=en_B3wTuUkerxxy9V9Rj6iQ8EFajd9op2l66fT9gatrRYjUWGWgg3RTHiAU4vtMVlIASnPWXWX2eFur1r0QMwaKtQ%3D%3D&ppt=None&ppn=None&ssid=q0lo75e4y80000001667799759399&qH=2be977f3ff92dd10,2022-11-07 11:12:50.166828+05:30
S06KFM0M,Haier 195 L Direct Cool Single Door 5 Star Refrigerator,19800,32400,38% off,7,0,4.4,"['Reciprocatory Compressor', '1  Year Warranty on Product and 10 Years Warranty on Compressor from Haier']",https://www.flipkart.com/haier-195-l-direct-cool-single-door-5-star-refrigerator/p/itm99af48f80451a?pid=RFRGHBG8MCNDFJ2G&lid=LSTRFRGHBG8MCNDFJ2GHONXPJ&marketplace=FLIPKART&q=fridge&store=j9e%2Fabm%2Fhzg&srno=s_39_933&otracker=search&otracker1=search&fm=organic&iid=18562cce-c601-4ada-957b-b49e1d298522.RFRGHBG8MCNDFJ2G.SEARCH&ppt=None&ppn=None&ssid=q0lo75e4y80000001667799759399&qH=2be977f3ff92dd10,2022-11-07 11:12:50.910561+05:30
P25TF7NL,SAMSUNG 230 L Direct Cool Single Door 3 Star Refrigerator with Base Drawer,19300,21990,12% off,0,0,0,"['Digital Inverter Compressor', 'Built-in Stabilizer', '1 Year Warranty on Product and 10 Years on Compressor from Samsung']",https://www.flipkart.com/samsung-230-l-direct-cool-single-door-3-star-refrigerator-base-drawer/p/itm1fb66937fda33?pid=RFRFZKEUAMTUKTJJ&lid=LSTRFRFZKEUAMTUKTJJUL0ZKB&marketplace=FLIPKART&q=fridge&store=j9e%2Fabm%2Fhzg&srno=s_39_934&otracker=search&otracker1=search&fm=organic&iid=18562cce-c601-4ada-957b-b49e1d298522.RFRFZKEUAMTUKTJJ.SEARCH&ppt=None&ppn=None&ssid=q0lo75e4y80000001667799759399&qH=2be977f3ff92dd10,2022-11-07 11:12:51.687176+05:30
ZF7QL1EP,Haier 195 L Direct Cool Single Door 5 Star Refrigerator,18990,26800,29% off,0,0,0,"['Reciprocatory Compressor', '1  Year Warranty on Product and 10 Years Warranty on Compressor from Haier']",https://www.flipkart.com/haier-195-l-direct-cool-single-door-5-star-refrigerator/p/itm99af48f80451a?pid=RFRGHCDUGMGP43FR&lid=LSTRFRGHCDUGMGP43FRO3YKUP&marketplace=FLIPKART&q=fridge&store=j9e%2Fabm%2Fhzg&srno=s_39_935&otracker=search&otracker1=search&fm=organic&iid=18562cce-c601-4ada-957b-b49e1d298522.RFRGHCDUGMGP43FR.SEARCH&ppt=None&ppn=None&ssid=q0lo75e4y80000001667799759399&qH=2be977f3ff92dd10,2022-11-07 11:12:52.564357+05:30
3GTGF0QF,Godrej 210 L Direct Cool Single Door 3 Star Refrigerator,17419,23160,24% off,0,0,0,"['The refrigerator comes with Advanced Inverter technology; energy efficient, less noise & more durable', 'Built-in Stabilizer', '1 Year Comprehensive Warranty on Product and 10 Years on Compressor']",https://www.flipkart.com/godrej-210-l-direct-cool-single-door-3-star-refrigerator/p/itm00bca0e4f86ac?pid=RFRGHNPKRMBPQDYG&lid=LSTRFRGHNPKRMBPQDYGSMFS4C&marketplace=FLIPKART&q=fridge&store=j9e%2Fabm%2Fhzg&srno=s_39_936&otracker=search&otracker1=search&fm=organic&iid=18562cce-c601-4ada-957b-b49e1d298522.RFRGHNPKRMBPQDYG.SEARCH&ppt=None&ppn=None&ssid=q0lo75e4y80000001667799759399&qH=2be977f3ff92dd10,2022-11-07 11:12:53.359018+05:30
